Input files :
Key file: key_med.db
Seek file: seek_med.db
0
3
6
7
8
11
13
16
17
19
20
23
24
27
29
32
34
36
39
41
42
45
48
49
51
53
56
59
60
61
63
65
66
67
70
72
75
76
77
80
83
85
88
91
93
95
97
100
101
103
105
106
107
108
110
112
115
116
118
121
122
125
127
128
131
132
134
137
139
142
145
146
148
151
152
155
156
158
161
162
163
164
166
168
170
173
174
175
178
180
181
182
183
185
186
187
190
193
196
197
200
203
205
206
208
210
211
214
215
218
219
220
223
225
228
230
232
235
238
240
241
244
246
247
249
252
253
254
257
258
260
262
265
268
271
273
275
278
280
282
285
287
290
293
294
296
297
300
302
305
306
308
311
314
317
318
320
323
325
326
327
328
331
332
333
336
339
341
344
345
346
348
350
351
352
355
358
360
362
363
365
367
370
371
372
374
376
379
381
382
383
385
386
387
390
391
394
396
399
401
403
406
407
408
409
411
414
417
420
421
422
423
426
429
431
432
433
434
437
440
441
442
444
446
447
448
450
453
456
458
460
461
463
465
467
469
470
471
473
476
478
481
482
484
486
489
491
494
497
499
501
502
504
505
507
509
510
511
513
516
518
519
520
523
526
528
529
532
535
538
540
542
544
547
550
551
553
554
555
557
560
563
565
566
569
570
573
576
577
578
581
583
584
587
589
592
593
596
599
600
602
604
606
607
608
610
611
614
617
618
619
621
624
626
628
631
633
634
636
639
641
642
644
647
650
653
655
656
659
661
663
665
668
669
671
674
676
678
680
681
684
686
689
692
693
694
696
699
701
702
704
705
706
709
712
713
716
718
720
722
725
726
729
731
732
734
735
738
739
742
745
746
748
751
754
756
759
761
762
764
766
769
771
774
777
778
779
782
784
787
789
790
793
795
798
801
804
807
809
812
815
817
820
821
822
825
827
828
829
832
835
838
841
842
844
846
848
851
852
853
855
858
860
861
862
863
864
867
868
871
874
877
878
881
884
886
888
889
892
895
896
898
901
904
907
908
910
912
915
917
919
920
922
925
927
929
930
932
934
935
936
937
940
942
945
947
948
950
953
956
958
959
961
962
965
966
968
969
971
973
976
977
979
980
981
982
984
985
987
990
991
994
995
996
997
998
1000
1002
1004
1006
1007
1008
1010
1012
1013
1015
1018
1020
1022
1024
1027
1029
1032
1034
1036
1039
1041
1042
1043
1044
1045
1046
1047
1049
1050
1052
1054
1057
1060
1061
1062
1063
1064
1067
1070
1072
1073
1075
1078
1081
1082
1085
1086
1089
1091
1094
1097
1098
1099
1102
1104
1106
1107
1109
1112
1114
1117
1118
1119
1122
1123
1125
1128
1130
1132
1134
1137
1139
1140
1143
1144
1145
1148
1150
1151
1153
1154
1155
1157
1159
1160
1163
1166
1167
1169
1171
1173
1175
1178
1181
1182
1183
1185
1188
1190
1193
1194
1196
1198
1199
1200
1203
1205
1206
1207
1210
1212
1214
1217
1218
1221
1224
1227
1229
1230
1232
1233
1235
1238
1241
1243
1246
1249
1250
1252
1254
1257
1259
1262
1264
1267
1268
1269
1271
1272
1274
1275
1278
1281
1282
1285
1288
1291
1294
1296
1297
1298
1300
1303
1306
1307
1308
1310
1311
1312
1313
1315
1316
1319
1320
1323
1325
1326
1329
1330
1332
1334
1335
1337
1338
1339
1340
1341
1342
1345
1347
1349
1352
1353
1354
1357
1359
1360
1362
1364
1366
1368
1371
1374
1375
1376
1378
1381
1383
1385
1388
1391
1394
1395
1396
1397
1399
1401
1403
1406
1407
1410
1411
1412
1413
1414
1417
1419
1421
1423
1426
1427
1430
1433
1436
1437
1440
1442
1443
1444
1445
1448
1449
1452
1453
1455
1456
1458
1461
1463
1465
1466
1468
1470
1471
1473
1475
1476
1479
1480
1482
1484
1485
1487
1489
1490
1492
1493
1496
1498
1500
1503
1505
1507
1509
1512
1513
1516
1518
1521
1522
1525
1526
1528
1529
1531
1534
1537
1539
1542
1543
1544
1546
1547
1550
1553
1555
1557
1560
1561
1562
1564
1567
1570
1573
1575
1577
1580
1581
1584
1587
1588
1590
1591
1594
1597
1599
1602
1605
1606
1608
1611
1613
1616
1617
1618
1621
1623
1625
1627
1629
1631
1632
1633
1634
1637
1639
1642
1645
1647
1649
1652
1655
1656
1659
1661
1664
1665
1666
1669
1671
1674
1676
1679
1681
1683
1686
1687
1690
1692
1695
1697
1698
1701
1703
1705
1708
1709
1710
1713
1716
1718
1721
1724
1727
1729
1731
1734
1737
1740
1742
1744
1746
1747
1748
1749
1752
1753
1755
1757
1759
1761
1762
1765
1767
1769
1770
1771
1774
1775
1776
1778
1781
1784
1785
1787
1789
1791
1792
1794
1795
1798
1801
1804
1807
1808
1811
1813
1814
1815
1816
1819
1821
1822
1824
1827
1830
1832
1833
1835
1837
1839
1840
1841
1842
1844
1847
1850
1853
1856
1857
1858
1861
1862
1863
1865
1866
1869
1872
1873
1874
1875
1878
1881
1882
1884
1887
1890
1893
1894
1896
1897
1899
1901
1903
1906
1909
1910
1912
1915
1916
1919
1920
1923
1924
1925
1927
1928
1929
1931
1933
1934
1936
1938
1939
1942
1945
1948
1951
1953
1956
1957
1960
1962
1964
1966
1967
1969
1972
1975
1977
1978
1981
1983
1986
1989
1992
1994
1995
1998
2001
2004
2005
2007
2008
2009
2010
2011
2012
2015
2018
2021
2024
2027
2029
2031
2032
2034
2035
2036
2038
2040
2041
2042
2045
2046
2047
2049
2051
2053
2055
2056
2058
2060
2063
2066
2068
2071
2074
2076
2078
2081
2083
2085
2087
2090
2091
2093
2095
2096
2099
2100
2102
2105
2107
2109
2112
2114
2115
2116
2117
2119
2121
2123
2126
2127
2128
2130
2131
2132
2133
2135
2138
2141
2142
2143
2146
2147
2150
2151
2153
2155
2156
2157
2158
2160
2162
2163
2164
2167
2168
2170
2171
2174
2177
2178
2179
2180
2182
2183
2184
2187
2190
2193
2195
2196
2197
2198
2199
2202
2204
2207
2208
2211
2214
2216
2218
2220
2222
2225
2226
2229
2230
2232
2235
2236
2238
2241
2242
2243
2244
2246
2249
2252
2254
2255
2258
2260
2262
2263
2265
2268
2269
2271
2274
2277
2278
2279
2281
2284
2287
2290
2292
2293
2294
2295
2297
2299
2300
2302
2305
2306
2307
2309
2312
2314
2317
2320
2321
2322
2323
2325
2326
2327
2328
2331
2332
2333
2334
2336
2339
2340
2341
2343
2345
2347
2349
2352
2353
2355
2357
2360
2363
2365
2366
2369
2370
2371
2373
2374
2375
2377
2379
2381
2384
2387
2389
2392
2395
2397
2398
2401
2404
2406
2407
2408
2411
2414
2417
2418
2420
2421
2424
2425
2428
2429
2432
2435
2436
2437
2438
2440
2443
2446
2449
2451
2453
2454
2456
2458
2461
2463
2465
2467
2468
2470
2473
2476
2478
2481
2484
2487
2490
2493
2496
2499
2502
2505
2507
2508
2509
2512
2514
2517
2519
2520
2522
2523
2524
2527
2530
2531
2533
2534
2537
2539
2542
2544
2546
2547
2548
2550
2553
2554
2556
2559
2562
2563
2566
2568
2569
2572
2574
2576
2579
2582
2585
2586
2587
2588
2589
2592
2593
2596
2599
2602
2604
2606
2608
2611
2614
2617
2619
2622
2625
2628
2631
2634
2635
2637
2639
2641
2642
2645
2646
2649
2652
2655
2656
2659
2662
2663
2666
2667
2668
2671
2672
2674
2676
2678
2680
2681
2682
2685
2688
2689
2692
2695
2698
2701
2702
2703
2704
2705
2706
2707
2708
2711
2712
2713
2715
2718
2720
2722
2723
2725
2726
2727
2728
2730
2732
2734
2736
2739
2740
2742
2743
2746
2747
2748
2751
2753
2755
2756
2759
2761
2762
2765
2766
2767
2768
2771
2772
2774
2775
2776
2777
2778
2779
2780
2782
2785
2788
2789
2792
2795
2798
2799
2802
2805
2806
2808
2810
2812
2814
2815
2816
2819
2822
2823
2824
2825
2826
2828
2830
2831
2833
2836
2838
2841
2842
2843
2846
2849
2850
2853
2856
2859
2862
2865
2868
2869
2871
2872
2875
2876
2878
2881
2884
2886
2887
2888
2890
2891
2893
2894
2896
2897
2900
2903
2904
2905
2908
2909
2912
2913
2916
2919
2922
2925
2927
2930
2933
2936
2939
2941
2944
2946
2947
2950
2953
2955
2958
2959
2962
2964
2965
2966
2969
2970
2971
2974
2975
2978
2981
2982
2983
2986
2989
2992
2994
2995
2998
2999
3000
3003
3006
3009
3010
3011
3014
3017
3019
3022
3025
3026
3027
3028
3030
3031
3032
3034
3037
3038
3040
3043
3044
3046
3049
3050
3052
3053
3055
3056
3058
3060
3063
3064
3066
3067
3069
3070
3073
3076
3077
3080
3081
3082
3085
3087
3088
3091
3092
3093
3094
3096
3097
3099
3100
3103
3105
3107
3108
3109
3112
3115
3118
3121
3122
3123
3126
3128
3130
3133
3135
3137
3139
3141
3144
3145
3146
3147
3148
3150
3152
3153
3156
3158
3161
3162
3164
3166
3169
3171
3173
3175
3176
3177
3179
3180
3182
3183
3186
3187
3190
3191
3194
3196
3199
3202
3205
3206
3209
3212
3214
3215
3216
3218
3221
3224
3226
3227
3228
3229
3232
3235
3238
3241
3244
3245
3246
3248
3250
3251
3254
3256
3257
3259
3260
3261
3262
3265
3266
3267
3269
3271
3273
3275
3278
3279
3281
3282
3283
3286
3288
3291
3293
3295
3298
3299
3302
3303
3306
3307
3309
3311
3314
3317
3320
3323
3326
3327
3329
3332
3333
3334
3336
3339
3342
3343
3346
3347
3349
3350
3353
3354
3355
3356
3358
3359
3361
3362
3364
3366
3368
3371
3374
3376
3378
3381
3382
3384
3385
3388
3389
3391
3392
3395
3396
3399
3400
3403
3404
3407
3410
3413
3416
3417
3418
3420
3421
3424
3426
3428
3429
3430
3431
3432
3434
3437
3438
3441
3442
3443
3446
3448
3450
3453
3454
3456
3458
3459
3461
3463
3466
3468
3470
3473
3475
3478
3479
3482
3485
3488
3489
3490
3491
3493
3494
3496
3497
3498
3500
3502
3504
3505
3508
3511
3514
3517
3519
3520
3521
3522
3525
3526
3529
3530
3533
3534
3535
3536
3537
3540
3543
3544
3547
3550
3553
3554
3556
3557
3559
3562
3564
3567
3570
3571
3574
3576
3577
3579
3582
3583
3585
3587
3589
3590
3593
3594
3596
3599
3600
3602
3605
3606
3609
3611
3614
3617
3620
3622
3625
3626
3627
3628
3631
3634
3636
3639
3641
3643
3644
3645
3648
3651
3653
3654
3655
3656
3657
3659
3660
3662
3663
3666
3668
3669
3671
3673
3676
3678
3679
3681
3683
3684
3687
3689
3690
3691
3692
3694
3697
3699
3701
3703
3704
3707
3709
3710
3711
3714
3717
3719
3721
3722
3723
3724
3725
3728
3731
3732
3733
3736
3739
3742
3745
3748
3749
3750
3753
3755
3757
3760
3761
3762
3763
3765
3766
3769
3771
3772
3775
3777
3779
3780
3783
3786
3787
3790
3793
3796
3797
3798
3800
3801
3804
3806
3809
3810
3812
3815
3818
3819
3821
3824
3825
3827
3828
3829
3831
3834
3836
3837
3839
3840
3841
3842
3845
3847
3848
3851
3852
3853
3854
3857
3859
3862
3864
3865
3866
3867
3870
3871
3872
3873
3874
3876
3879
3880
3882
3883
3884
3887
3888
3890
3893
3894
3896
3899
3902
3905
3908
3911
3912
3915
3918
3920
3923
3925
3927
3930
3932
3933
3936
3939
3941
3944
3945
3946
3947
3950
3952
3954
3956
3958
3961
3963
3966
3968
3969
3971
3973
3976
3978
3980
3982
3984
3987
3988
3991
3992
3993
3995
3997
3998
4000
4001
4002
4005
4006
4008
4010
4012
4015
4016
4017
4020
4022
4023
4025
4028
4030
4033
4035
4036
4037
4038
4040
4043
4045
4047
4048
4051
4052
4055
4058
4060
4063
4064
4065
4066
4068
4070
4073
4075
4077
4080
4081
4082
4085
4088
4091
4093
4095
4097
4099
4102
4104
4105
4108
4109
4111
4114
4117
4119
4122
4125
4126
4128
4129
4130
4132
4135
4138
4140
4141
4143
4145
4147
4149
4150
4151
4152
4155
4158
4160
4161
4163
4164
4166
4167
4169
4172
4173
4175
4177
4180
4181
4183
4185
4187
4190
4191
4192
4194
4196
4197
4198
4201
4204
4206
4207
4210
4213
4214
4217
4219
4221
4222
4224
4227
4229
4230
4232
4235
4237
4238
4241
4243
4245
4247
4250
4252
4254
4257
4258
4259
4260
4261
4262
4265
4268
4270
4273
4275
4277
4280
4283
4286
4289
4291
4293
4295
4297
4298
4300
4303
4304
4306
4308
4311
4314
4316
4318
4320
4322
4324
4326
4328
4330
4333
4335
4336
4337
4339
4342
4344
4345
4348
4350
4351
4352
4353
4356
4359
4360
4361
4363
4365
4368
4369
4371
4373
4375
4378
4381
4384
4386
4388
4390
4393
4395
4396
4397
4399
4401
4402
4403
4406
4409
4411
4414
4417
4419
4421
4424
4427
4430
4431
4433
4435
4437
4438
4439
4442
4445
4446
4448
4449
4452
4453
4454
4455
4456
4458
4461
4463
4465
4468
4469
4470
4472
4473
4474
4475
4478
4479
4480
4482
4484
4486
4487
4490
4492
4494
4496
4498
4500
4501
4504
4506
4507
4508
4510
4512
4514
4515
4516
4517
4518
4519
4521
4523
4525
4528
4530
4531
4534
4537
4540
4541
4542
4543
4546
4549
4551
4553
4554
4555
4557
4560
4562
4565
4568
4571
4572
4574
4575
4576
4578
4579
4581
4584
4586
4587
4589
4590
4591
4592
4595
4596
4598
4599
4600
4601
4604
4606
4608
4609
4611
4612
4613
4614
4615
4618
4621
4623
4625
4628
4631
4634
4635
4637
4640
4643
4645
4647
4650
4653
4656
4659
4662
4663
4664
4667
4669
4670
4672
4673
4674
4677
4678
4679
4682
4684
4685
4688
4691
4693
4696
4699
4701
4704
4705
4706
4708
4710
4713
4715
4717
4719
4721
4722
4724
4727
4728
4731
4734
4736
4737
4740
4742
4744
4745
4747
4750
4751
4752
4755
4757
4758
4760
4761
4762
4765
4767
4770
4771
4772
4774
4777
4779
4782
4785
4786
4789
4792
4795
4797
4799
4800
4801
4804
4806
4807
4808
4809
4811
4813
4814
4815
4818
4820
4821
4824
4825
4827
4829
4831
4833
4834
4835
4836
4837
4838
4839
4842
4843
4844
4845
4847
4848
4850
4851
4853
4856
4858
4861
4862
4863
4866
4867
4870
4872
4874
4876
4878
4879
4880
4881
4883
4884
4886
4889
4890
4892
4895
4898
4901
4904
4907
4909
4912
4914
4917
4919
4920
4921
4922
4923
4924
4925
4927
4930
4932
4935
4937
4938
4941
4943
4944
4946
4948
4951
4952
4955
4957
4960
4962
4963
4966
4968
4970
4973
4976
4977
4978
4981
4983
4985
4986
4988
4990
4992
4994
4997
4999
5002
5003
5004
5005
5006
5009
5012
5015
5018
5020
5022
5025
5026
5028
5030
5032
5033
5034
5036
5038
5040
5042
5045
5048
5050
5052
5053
5054
5057
5058
5060
5063
5064
5067
5068
5070
5072
5075
5077
5079
5081
5084
5085
5087
5089
5092
5095
5097
5098
5100
5103
5105
5108
5110
5111
5112
5113
5115
5117
5120
5122
5125
5127
5130
5133
5135
5136
5137
5139
5142
5145
5148
5150
5153
5155
5156
5159
5161
5163
5166
5169
5171
5172
5174
5175
5176
5179
5180
5182
5183
5184
5185
5186
5189
5192
5195
5197
5198
5199
5202
5205
5208
5211
5213
5215
5216
5218
5220
5222
5223
5224
5225
5227
5228
5231
5234
5236
5239
5242
5243
5246
5249
5250
5251
5253
5256
5259
5260
5261
5264
5267
5270
5272
5275
5277
5278
5281
5284
5286
5288
5289
5291
5294
5296
5299
5302
5304
5306
5308
5309
5311
5313
5314
5316
5318
5321
5323
5324
5327
5329
5332
5335
5337
5339
5341
5344
5346
5348
5351
5352
5353
5356
5359
5360
5362
5365
5368
5371
5372
5373
5376
5378
5380
5381
5382
5385
5386
5388
5389
5392
5393
5394
5397
5400
5403
5404
5406
5407
5410
5412
5414
5415
5416
5418
5419
5421
5422
5425
5427
5428
5429
5430
5433
5436
5438
5441
5444
5446
5448
5451
5453
5456
5457
5458
5460
5463
5465
5466
5467
5469
5471
5473
5475
5478
5481
5483
5484
5485
5487
5489
5491
5493
5496
5497
5498
5500
5501
5504
5507
5510
5513
5515
5518
5521
5523
5524
5526
5529
5531
5534
5536
5539
5540
5543
5545
5546
5547
5550
5552
5555
5557
5560
5561
5563
5564
5566
5569
5571
5573
5576
5578
5579
5580
5581
5582
5584
5586
5589
5591
5594
5596
5599
5602
5605
5608
5609
5610
5611
5612
5614
5617
5619
5621
5624
5627
5630
5632
5635
5636
5639
5641
5643
5644
5646
5649
5650
5653
5654
5655
5657
5658
5661
5663
5666
5669
5670
5671
5674
5675
5676
5678
5681
5684
5685
5688
5691
5694
5695
5697
5698
5699
5702
5705
5706
5707
5709
5711
5712
5715
5718
5720
5723
5725
5728
5730
5731
5732
5734
5735
5736
5739
5742
5743
5745
5746
5747
5748
5751
5753
5756
5757
5759
5761
5764
5766
5768
5770
5771
5773
5774
5777
5778
5781
5783
5784
5785
5787
5788
5791
5794
5796
5798
5801
5804
5805
5808
5811
5813
5816
5817
5818
5821
5823
5825
5828
5829
5830
5831
5833
5836
5837
5838
5839
5842
5844
5845
5846
5847
5848
5849
5850
5853
5855
5858
5860
5863
5866
5867
5868
5871
5873
5875
5878
5879
5882
5884
5886
5887
5890
5893
5894
5897
5898
5899
5902
5904
5905
5906
5909
5911
5912
5913
5915
5918
5919
5922
5924
5927
5928
5930
5933
5935
5938
5940
5943
5946
5947
5948
5949
5952
5955
5956
5959
5962
5963
5966
5968
5970
5973
5975
5976
5977
5979
5981
5984
5986
5987
5988
5990
5992
5995
5996
5997
6000
6002
6005
6008
6010
6013
6014
6016
6019
6020
6021
6023
6025
6026
6027
6028
6031
6033
6034
6035
6038
6040
6043
6045
6048
6049
6052
6054
6055
6058
6060
6063
6064
6065
6068
6071
6074
6077
6079
6081
6082
6084
6085
6088
6090
6091
6094
6096
6099
6100
6102
6105
6108
6110
6111
6114
6117
6118
6119
6122
6125
6127
6130
6131
6133
6135
6136
6137
6139
6141
6144
6146
6147
6150
6152
6155
6156
6157
6158
6159
6161
6164
6167
6168
6170
6171
6174
6175
6176
6179
6182
6183
6184
6186
6187
6189
6190
6191
6194
6197
6199
6202
6204
6207
6209
6212
6214
6217
6218
6220
6223
6225
6227
6230
6232
6233
6236
6237
6238
6239
6240
6241
6242
6243
6246
6248
6251
6254
6257
6260
6263
6265
6267
6268
6269
6270
6273
6275
6276
6279
6280
6283
6285
6287
6290
6293
6295
6297
6298
6301
6304
6305
6308
6309
6311
6313
6315
6317
6319
6320
6322
6324
6326
6327
6329
6331
6332
6333
6334
6335
6336
6337
6338
6340
6343
6346
6348
6350
6352
6354
6355
6357
6360
6361
6363
6365
6367
6370
6371
6372
6373
6375
6377
6380
6382
6383
6385
6388
6390
6392
6393
6395
6397
6398
6399
6400
6401
6403
6405
6408
6409
6412
6413
6414
6417
6419
6421
6423
6425
6427
6430
6433
6434
6436
6438
6440
6442
6445
6447
6450
6452
6454
6455
6458
6460
6462
6463
6466
6469
6472
6474
6475
6477
6479
6480
6481
6482
6485
6488
6491
6493
6495
6497
6499
6502
6503
6504
6505
6506
6508
6509
6511
6514
6516
6518
6520
6523
6525
6527
6530
6531
6534
6537
6540
6542
6543
6544
6546
6549
6552
6553
6554
6556
6559
6562
6564
6567
6570
6573
6576
6578
6581
6582
6584
6585
6587
6588
6591
6592
6594
6596
6598
6599
6601
6603
6605
6608
6610
6611
6613
6615
6616
6619
6620
6621
6624
6626
6629
6631
6632
6635
6636
6639
6642
6644
6647
6649
6652
6655
6658
6659
6661
6663
6665
6668
6671
6674
6677
6678
6679
6681
6684
6686
6687
6690
6692
6695
6696
6698
6700
6702
6703
6705
6706
6707
6708
6709
6712
6715
6718
6720
6721
6722
6725
6727
6728
6730
6732
6735
6738
6740
6741
6744
6747
6749
6751
6753
6755
6758
6761
6764
6765
6768
6770
6772
6775
6778
6780
6782
6784
6786
6787
6789
6792
6795
6796
6797
6799
6801
6802
6804
6807
6809
6810
6813
6816
6818
6819
6821
6823
6826
6828
6830
6833
6836
6837
6839
6841
6844
6845
6846
6847
6848
6851
6852
6855
6858
6859
6861
6862
6863
6866
6867
6869
6872
6875
6877
6879
6880
6883
6886
6889
6890
6892
6894
6895
6897
6898
6901
6902
6903
6904
6906
6907
6910
6912
6913
6916
6919
6922
6923
6926
6928
6929
6931
6933
6934
6935
6938
6939
6942
6944
6945
6946
6947
6949
6951
6953
6956
6957
6960
6963
6964
6965
6966
6967
6970
6972
6975
6977
6979
6980
6982
6983
6984
6987
6989
6990
6993
6994
6996
6999
7002
7004
7005
7008
7009
7011
7013
7016
7019
7020
7023
7026
7028
7029
7030
7032
7035
7036
7037
7038
7039
7041
7042
7043
7045
7047
7049
7051
7054
7057
7059
7062
7063
7065
7068
7069
7070
7071
7072
7075
7077
7080
7083
7084
7085
7088
7090
7093
7096
7098
7101
7104
7105
7106
7107
7109
7112
7115
7116
7119
7121
7123
7125
7128
7131
7132
7133
7136
7138
7140
7143
7146
7147
7149
7152
7154
7156
7158
7159
7161
7162
7163
7165
7166
7167
7169
7172
7173
7175
7178
7181
7182
7183
7185
7186
7189
7192
7193
7196
7197
7199
7202
7203
7206
7208
7209
7211
7214
7216
7218
7219
7221
7223
7226
7229
7232
7234
7236
7237
7240
7241
7244
7247
7248
7250
7253
7254
7255
7256
7257
7259
7262
7263
7265
7268
7270
7272
7273
7275
7276
7279
7281
7283
7284
7286
7288
7289
7292
7295
7297
7299
7300
7301
7303
7305
7308
7309
7312
7315
7317
7318
7319
7320
7321
7324
7325
7327
7329
7330
7333
7335
7338
7340
7341
7342
7345
7347
7349
7352
7353
7356
7357
7358
7359
7361
7363
7366
7369
7370
7373
7375
7377
7378
7380
7382
7385
7387
7390
7391
7394
7397
7400
7402
7404
7407
7410
7412
7413
7414
7415
7416
7417
7418
7420
7421
7424
7425
7426
7429
7431
7434
7435
7438
7439
7442
7443
7446
7448
7449
7450
7451
7452
7453
7456
7458
7461
7463
7466
7469
7472
7473
7474
7475
7476
7479
7480
7481
7482
7484
7485
7487
7488
7489
7491
7492
7495
7498
7499
7500
7503
7505
7507
7508
7510
7511
7514
7516
7519
7522
7523
7526
7529
7531
7534
7535
7537
7538
7540
7542
7544
7546
7549
7552
7554
7556
7557
7559
7560
7562
7565
7568
7571
7573
7574
7576
7579
7582
7585
7587
7590
7591
7593
7595
7598
7600
7603
7604
7607
7608
7610
7612
7614
7616
7618
7619
7622
7624
7627
7630
7631
7633
7636
7637
7640
7641
7643
7645
7646
7648
7649
7652
7655
7658
7659
7661
7663
7664
7667
7668
7669
7671
7673
7675
7676
7677
7680
7683
7685
7687
7690
7692
7693
7696
7698
7701
7704
7705
7707
7710
7713
7716
7719
7721
7724
7725
7726
7727
7728
7729
7731
7732
7734
7735
7738
7740
7741
7743
7745
7748
7751
7753
7754
7757
7758
7761
7764
7765
7766
7768
7769
7772
7774
7777
7779
7780
7783
7785
7787
7790
7792
7795
7796
7797
7800
7803
7805
7806
7807
7808
7811
7812
7814
7815
7818
7820
7823
7826
7829
7830
7831
7834
7837
7840
7843
7845
7848
7850
7853
7855
7857
7859
7860
7862
7864
7865
7866
7867
7868
7870
7871
7874
7876
7879
7882
7883
7885
7888
7889
7890
7891
7892
7893
7894
7897
7900
7902
7905
7907
7909
7910
7913
7916
7918
7919
7921
7923
7925
7928
7931
7934
7935
7937
7939
7942
7944
7947
7948
7950
7953
7954
7956
7959
7961
7963
7966
7967
7968
7971
7973
7975
7978
7979
7981
7982
7984
7985
7988
7989
7992
7994
7995
7998
7999
8001
8004
8007
8008
8011
8013
8016
8017
8020
8023
8025
8027
8030
8033
8035
8037
8038
8039
8041
8043
8045
8048
8049
8051
8053
8054
8056
8057
8059
8061
8063
8066
8067
8069
8070
8071
8074
8075
8077
8080
8083
8084
8086
8089
8092
8093
8094
8095
8096
8098
8100
8102
8103
8105
8106
8109
8112
8115
8116
8117
8118
8120
8121
8123
8126
8128
8130
8132
8134
8135
8137
8139
8140
8143
8144
8147
8150
8151
8154
8157
8160
8162
8164
8165
8166
8169
8172
8175
8177
8178
8179
8182
8184
8186
8187
8189
8192
8195
8196
8198
8201
8203
8206
8209
8210
8213
8216
8219
8220
8223
8225
8226
8227
8228
8229
8230
8233
8234
8235
8236
8237
8239
8242
8245
8246
8247
8248
8249
8252
8253
8255
8258
8260
8261
8264
8267
8268
8270
8272
8273
8275
8276
8278
8281
8282
8284
8285
8288
8291
8292
8293
8294
8297
8298
8301
8304
8306
8309
8312
8313
8314
8316
8317
8320
8322
8325
8327
8329
8331
8334
8337
8340
8341
8342
8345
8346
8349
8352
8353
8355
8358
8360
8362
8365
8367
8369
8372
8375
8377
8380
8381
8383
8384
8386
8388
8390
8391
8394
8395
8398
8401
8402
8405
8408
8410
8412
8413
8414
8415
8416
8419
8420
8422
8424
8427
8428
8431
8433
8434
8435
8437
8438
8441
8443
8446
8448
8449
8452
8453
8454
8457
8458
8459
8461
8462
8464
8467
8468
8471
8474
8475
8477
8478
8481
8482
8485
8488
8489
8491
8494
8496
8497
8498
8499
8501
8504
8506
8508
8511
8514
8517
8519
8520
8521
8522
8523
8525
8528
8529
8531
8534
8536
8537
8540
8542
8543
8546
8547
8548
8550
8551
8553
8555
8556
8559
8562
8563
8565
8567
8570
8572
8573
8575
8577
8578
8580
8582
8585
8587
8590
8592
8593
8595
8597
8598
8601
8604
8605
8608
8609
8611
8612
8615
8618
8619
8621
8624
8626
8627
8629
8631
8633
8635
8638
8639
8642
8644
8646
8649
8652
8654
8655
8656
8659
8662
8663
8666
8668
8669
8672
8674
8677
8680
8681
8684
8685
8688
8690
8692
8695
8698
8701
8703
8705
8708
8710
8712
8713
8714
8715
8718
8721
8722
8723
8726
8729
8730
8732
8734
8736
8737
8740
8741
8744
8745
8746
8749
8750
8752
8754
8755
8757
8758
8760
8761
8762
8763
8765
8766
8768
8770
8771
8772
8775
8776
8779
8782
8784
8786
8787
8788
8791
8794
8796
8798
8799
8801
8803
8804
8805
8808
8809
8812
8813
8816
8819
8820
8823
8824
8826
8827
8830
8832
8834
8837
8840
8842
8844
8846
8849
8851
8853
8855
8857
8860
8861
8863
8865
8868
8870
8872
8875
8878
8879
8882
8884
8887
8888
8889
8890
8893
8895
8896
8898
8899
8902
8903
8905
8906
8908
8909
8912
8913
8916
8917
8920
8923
8925
8926
8928
8929
8932
8933
8934
8937
8938
8940
8943
8945
8948
8949
8950
8952
8954
8956
8958
8959
8962
8965
8967
8968
8969
8970
8972
8975
8976
8977
8980
8983
8985
8987
8988
8990
8993
8994
8995
8996
8998
8999
9001
9002
9004
9006
9009
9012
9013
9014
9015
9018
9021
9023
9024
9025
9027
9029
9032
9035
9038
9041
9044
9045
9046
9049
9051
9052
9055
9058
9059
9060
9061
9063
9065
9067
9068
9069
9070
9071
9073
9074
9077
9079
9081
9084
9086
9087
9088
9089
9090
9093
9094
9097
9098
9100
9102
9105
9107
9109
9112
9114
9116
9119
9120
9121
9122
9123
9125
9126
9128
9131
9133
9135
9137
9140
9142
9145
9146
9148
9149
9151
9153
9154
9155
9158
9160
9163
9166
9169
9170
9172
9174
9177
9179
9181
9184
9186
9189
9191
9194
9195
9197
9198
9200
9203
9204
9207
9209
9211
9213
9215
9218
9219
9222
9225
9226
9227
9229
9230
9231
9234
9237
9240
9242
9243
9244
9246
9249
9250
9253
9255
9256
9258
9261
9264
9265
9268
9271
9274
9275
9277
9279
9282
9285
9286
9289
9290
9292
9294
9295
9298
9299
9302
9304
9307
9310
9313
9314
9316
9319
9320
9321
9322
9324
9327
9328
9330
9333
9336
9337
9340
9342
9344
9347
9348
9351
9353
9355
9356
9357
9359
9362
9364
9365
9366
9367
9368
9369
9370
9373
9376
9377
9380
9383
9385
9387
9390
9391
9392
9395
9397
9398
9400
9401
9402
9404
9407
9409
9412
9413
9416
9418
9421
9422
9425
9426
9427
9430
9431
9433
9435
9436
9438
9440
9441
9442
9443
9444
9445
9447
9450
9453
9455
9456
9459
9461
9464
9467
9468
9471
9474
9477
9479
9482
9483
9484
9487
9488
9491
9492
9495
9497
9499
9500
9503
9505
9507
9510
9512
9514
9515
9517
9519
9522
9524
9525
9527
9529
9532
9534
9536
9538
9540
9543
9545
9548
9551
9552
9553
9556
9558
9561
9562
9565
9566
9569
9570
9572
9575
9577
9578
9579
9580
9582
9583
9586
9588
9590
9591
9593
9594
9596
9597
9600
9602
9604
9606
9607
9610
9612
9615
9616
9618
9619
9620
9622
9625
9626
9629
9632
9635
9638
9639
9642
9643
9644
9646
9649
9651
9654
9656
9658
9660
9662
9664
9667
9668
9671
9672
9675
9677
9680
9681
9684
9687
9688
9689
9692
9693
9694
9697
9698
9699
9702
9703
9704
9707
9709
9710
9712
9714
9716
9717
9720
9721
9723
9726
9728
9730
9733
9734
9737
9740
9742
9745
9747
9749
9752
9754
9757
9758
9760
9763
9764
9765
9768
9770
9771
9773
9775
9778
9779
9780
9783
9786
9788
9790
9792
9795
9798
9799
9800
9803
9806
9808
9810
9812
9815
9817
9818
9820
9822
9824
9826
9829
9832
9834
9835
9838
9839
9842
9845
9846
9849
9851
9854
9856
9857
9859
9860
9863
9866
9867
9870
9873
9876
9877
9878
9880
9882
9884
9885
9886
9889
9891
9894
9896
9897
9900
9902
9903
9905
9906
9907
9909
9912
9913
9916
9919
9922
9923
9926
9928
9930
9932
9933
9934
9936
9938
9940
9941
9941
Seek File
3224
247
5036
1184
3661
3923
3439
9777
9277
3360
6902
9257
3854
5016
2314
3232
7155
4983
1436
5968
3428
9134
6109
1128
7134
6431
3650
4430
4260
306
7108
4797
8798
6364
5233
4936
5842
7770
3244
2768
9862
1004
2109
52
8578
9595
2131
7397
3848
1693
6934
1245
1287
8963
9499
8275
9502
1227
910
5081
1916
8784
4094
2607
3527
2555
6653
3991
5351
5483
2149
8682
3777
8067
6160
9279
2383
7291
1364
6910
3940
889
4317
4738
9681
9815
9503
1914
911
2257
9085
5607
2321
4552
2142
2550
4419
1623
6225
8590
4251
5810
8093
3889
4303
193
3236
5939
6625
3908
1073
3553
6421
9524
2722
8621
5882
4609
3941
330
5723
3752
6784
7994
1374
4896
7795
2590
1752
5952
637
5351
5682
4491
8036
513
1898
6808
5622
7148
3163
7782
1426
4652
6605
2009
7145
8680
9059
9606
6827
4250
8045
3819
4267
8931
3737
2018
5512
4251
2179
3415
7651
292
3961
2257
7229
3834
3493
3230
6260
6494
5106
5688
27
3130
7727
6018
8089
3836
4320
4389
9197
6872
7202
3677
1835
4636
7563
4162
9430
7721
4275
712
6474
1411
3045
5031
9487
2178
575
3809
7688
4842
1398
8568
1548
1238
6278
10
586
1811
7903
8350
680
4637
4966
8337
9883
3895
4930
4035
241
326
253
9934
1922
8111
9834
6439
5716
84
945
5418
2353
2344
3112
6236
137
8950
2753
2954
4699
1474
2285
1143
5834
6577
1632
640
9615
1620
7229
4419
6699
7775
5696
9722
6685
6359
5059
2519
9719
6428
7860
6534
2138
305
5472
2526
3733
7660
2894
771
9793
6438
8652
1074
3087
554
7353
3198
4925
4622
6397
9399
9252
1434
133
3213
4367
1897
8054
8865
6026
9000
7159
756
7383
7372
3711
8947
5463
5112
6692
8856
5645
4008
8947
4614
635
8010
5567
1758
2136
624
1734
6660
3704
4051
9668
6340
6981
5023
3295
103
6994
653
9115
5148
1889
1241
6186
2333
9277
3332
4362
1043
2250
2898
6832
1553
9014
6799
6026
3266
2620
7148
399
2480
1614
4417
6126
2357
9891
261
722
287
6125
1778
5486
7974
7339
6654
7506
5890
3578
4290
9698
2591
8076
6620
840
4649
8788
627
9224
3588
2489
7469
6469
8153
766
4078
4298
994
3562
5931
9502
6963
7009
5185
9456
8139
5435
6648
7953
1565
6186
323
2897
9841
3076
7146
9537
1666
5786
2498
1422
4773
2324
7249
5930
7584
644
9497
5790
5086
7338
5616
5183
7132
3874
4833
4591
8035
8424
2147
390
7329
7814
457
8935
326
8475
1000
7981
6204
9637
1852
3858
318
170
8975
9116
9553
3998
1008
2356
8554
5656
5882
777
1644
9515
3699
2411
2158
153
8241
7968
9792
6032
2476
3525
9684
2523
5761
4750
7168
7203
7769
3470
5495
2154
8486
7956
4679
4291
6379
5504
8063
1435
4877
8100
6379
9346
7453
8239
5170
24
1519
9435
5619
8978
2717
5026
8774
7076
5613
207
3469
6486
9643
4307
7131
6291
1394
2742
4134
4343
9101
545
2809
4094
1032
428
5897
2102
4730
4366
3783
1371
7091
5969
4990
4607
2581
7304
8137
2935
1599
8521
7835
4015
3648
2827
8312
4280
4645
8890
5476
4750
1089
6596
4409
9882
2377
6394
6382
9192
1976
1089
31
8424
3249
5841
511
657
3406
1164
9038
3973
3927
1299
660
3026
5741
9561
1683
1815
3679
8571
2641
3682
2966
4247
8691
7028
6140
3739
6032
3287
596
9571
1053
9455
5171
2267
8399
4058
8258
7076
3375
3356
9232
1171
2618
4061
1408
1745
6891
4011
798
4133
3440
6937
7187
6408
1858
9091
5384
770
1483
2710
9780
6496
928
7256
9080
8254
3656
710
1012
2498
9653
7164
4399
8994
6314
4419
1481
2748
638
4311
6460
5742
1067
9934
1365
2244
6579
7281
69
7721
9069
3549
4275
7497
7960
4169
2326
4498
300
4976
7639
676
1639
5062
9868
8227
5107
5188
9749
4319
5442
1634
6395
74
7844
3769
5672
8303
7871
2421
6739
8888
7466
6939
9845
1060
7816
7086
6698
705
7299
5214
6907
5113
4691
5927
4637
6157
7104
4464
7255
2240
8923
1529
6763
7483
9229
7485
8145
6764
1348
3756
7891
1122
7474
4295
2961
8495
9786
9533
862
7700
1205
4970
6106
6198
1414
6562
5101
619
6293
6437
3977
6084
6133
6418
5755
3533
9095
9238
6127
9908
6050
7724
3894
2037
2489
4358
3531
3367
9466
6644
7888
2142
1622
2604
3443
5917
342
3858
5582
2062
8693
3033
6257
3770
968
2434
4593
1821
9061
770
2817
1939
1872
4568
7633
2294
6084
6655
5670
5245
4918
3794
9864
1483
2877
7616
5493
1643
8674
8857
8267
4064
3603
2862
6520
2295
5579
9740
6636
7918
7881
1142
54
249
6146
272
3024
5285
9057
5763
3033
2296
301
8507
3659
5064
1893
6461
4031
1395
3500
7037
1213
4882
8673
5753
1288
3376
729
7272
5648
229
779
4735
1621
5475
6040
3947
6665
7938
8745
4664
32
5679
2797
6454
8273
4301
7828
9454
4513
5958
1017
3774
1922
6719
683
2312
8182
6732
5306
6025
7263
1531
2366
6143
8038
7262
6711
4510
1615
7164
1418
3857
6967
4238
7002
6671
2327
8335
9939
2244
4097
8199
4565
4522
878
7863
4201
3491
5306
383
982
6927
4402
513
1287
3531
628
2435
788
6087
9040
2830
8918
2686
2726
9121
3704
8175
5057
2881
3652
9718
8828
6766
3449
5218
7941
4222
3801
8127
164
734
1650
1724
3382
184
5923
1216
1072
5282
8559
9926
7804
2567
9234
2291
889
5929
6576
6591
7651
7470
5288
9657
4812
6349
6859
7316
6320
6937
1004
2443
1303
4294
6178
4188
605
162
8860
5490
8199
8403
2660
9035
5647
5709
3167
5225
5479
72
5565
1606
7403
4538
2850
2313
7504
2217
9455
2089
1360
9219
7707
2339
4537
4746
2302
9904
4991
5033
4573
3175
8785
6551
99
7387
9131
4235
6771
4654
9773
936
6665
1132
8595
3909
1565
8947
808
1821
8933
3363
3201
7606
8735
8718
5273
4245
8987
578
4043
5804
4434
6932
3640
2528
1523
4054
6816
9911
3520
8908
155
3778
6121
101
5970
3770
7359
7549
1466
8962
1491
1653
5417
3090
8399
6739
8221
5275
8748
5271
2245
7862
1025
9742
2733
3586
8862
9697
8713
6487
939
852
7683
2086
1892
1959
5522
128
4145
2921
4034
5381
3798
1541
6649
4717
3949
5896
6290
3657
773
8017
8791
3811
1896
4386
7993
4664
5579
11
2220
5864
8926
9063
4479
20
2756
6550
2258
9080
791
7876
4242
328
6145
8520
1927
2836
3657
5903
5035
7222
2254
3858
1151
787
8227
6808
138
9260
8003
2652
696
2954
3140
6335
7413
5693
8322
1154
2702
9119
7951
6004
371
272
4677
9833
332
6015
5867
1301
8322
4013
2389
983
1718
9376
4359
4867
9060
2576
4184
8189
8604
8896
3395
7754
4632
6224
5668
1296
2717
8989
5614
8185
3758
8936
6261
9932
8852
2971
6878
5920
7157
4414
4725
385
1930
4145
2692
5958
4561
3365
6957
8435
8089
7085
1891
6384
8805
8637
7414
6655
9215
3725
7772
3215
1348
834
620
7010
423
3440
7132
2053
325
1137
8377
2160
1331
623
9738
3358
2245
7206
885
1189
2171
5929
6123
1335
3097
3775
328
8233
2073
9247
5114
1364
6868
8758
1863
742
3112
7397
5771
3936
624
9024
554
9759
716
453
1468
3252
5011
3576
4236
728
2731
2034
4454
8427
6579
9840
5588
1135
5358
8696
1467
3631
5452
2542
3771
7723
7471
5010
9076
7129
328
1943
5553
1452
8580
1073
3150
2209
7661
7901
7048
4228
165
1913
3357
7323
2365
7537
2739
3029
9412
2004
837
3374
2795
4671
9779
9727
5929
4704
4964
4997
7662
6241
7060
5918
2139
6664
724
8373
6777
7001
6184
8777
9357
8157
6894
1969
1271
7470
9551
6981
7210
927
9440
9667
1381
818
862
278
4739
5553
9396
1315
2217
2478
4967
7617
8463
2109
7698
4215
5889
6934
2266
2501
984
9423
4551
9321
4734
4789
6
2607
1618
3695
2676
8430
8767
990
3282
5850
6428
3873
2045
8172
2108
4239
3169
5377
6349
7323
9927
9525
247
5848
3347
1630
8204
3057
4099
9030
2200
1229
1008
75
5860
4144
4182
8900
6640
8562
251
8245
5259
5338
9859
7408
8260
717
1957
3756
1217
1687
9150
465
5737
5464
1103
9636
5184
9771
978
2661
7915
9452
6159
4805
8925
6716
340
5530
3009
5471
437
6585
8447
7838
923
1499
5014
5225
3682
7981
4214
9225
679
9100
5413
3408
4170
5156
8674
6757
3474
8179
476
5276
8591
379
3773
3595
8759
9407
6231
9208
6997
5466
9209
2967
7863
5947
4006
8922
1468
7218
6490
584
1612
1703
344
3837
1768
6711
4795
4229
7655
1687
4885
7217
6574
8259
1005
5407
5428
4017
4213
8450
1738
1573
6580
3937
2910
9621
4195
4114
8330
8549
6682
3129
1958
5703
9809
7259
6132
7381
4721
2179
9569
6264
6251
4144
6485
4573
2437
6414
8143
4917
6394
9746
5886
7109
7373
4860
2575
3486
2562
6123
9140
631
7495
9520
2367
8385
1011
4476
5909
5496
6556
8283
2627
4299
5332
5730
7420
3511
1871
9625
8893
8899
6705
4432
3821
805
8633
6620
238
7772
7510
7505
9363
6859
9069
3047
8408
8175
4923
272
634
885
4854
6019
1785
1890
137
1099
4121
4925
8366
7041
5979
6607
4257
8279
5868
4837
7715
751
7979
5821
168
1406
2083
3348
3690
4971
938
7850
8215
652
3867
4034
8523
3557
919
7193
6674
4534
852
1184
4840
2044
6154
7070
1856
7255
2159
8491
7925
4160
2435
3547
8178
3740
2884
9297
1418
3572
6545
5505
3339
7932
1895
220
5388
7622
4195
674
9432
5356
1925
5607
3597
5115
6313
7515
5184
7872
8538
7584
109
6109
4476
3561
5260
5669
2034
8067
8786
7386
3026
315
6243
496
1403
4936
5029
9027
3471
6564
9322
847
868
348
3331
4709
9665
8654
7655
4945
5794
6704
2719
6743
1747
455
5162
5368
7840
9672
1638
4142
6615
491
3203
9931
2990
6860
7652
7096
8238
2043
6493
8334
3856
5699
4939
7932
4826
9573
5078
1053
320
7109
2024
5862
9460
7784
3738
3648
1564
8760
7207
4941
4961
641
3293
7564
6179
3183
2302
7754
5619
4562
2224
1716
8219
6854
382
3665
2008
6395
8319
53
7232
5955
452
2227
1746
6278
1624
9839
3244
5929
7636
5019
4575
7730
9134
7465
3341
3240
3093
2396
92
1047
5727
8985
9681
7384
7301
2575
7617
934
1039
3162
3252
2409
6607
6353
3799
670
3237
6313
971
1728
5367
165
2774
9432
4738
7380
4608
9037
6899
5729
4871
6220
8971
2587
3290
3621
1710
3042
6134
8674
6993
6098
7173
3672
5959
9546
6967
63
4336
1918
8040
690
1512
7606
3636
6099
6460
3481
8990
9369
4155
4684
3283
4676
5367
9322
8519
9787
5635
5055
3942
4487
8566
4805
8390
5956
2095
1344
6976
2118
6231
786
18
5854
6435
2459
2082
8526
729
5413
2721
542
4705
5985
5065
8436
1309
7919
7741
8465
401
9765
6642
2339
172
4852
1306
1064
1140
4634
2326
5657
9112
243
1140
9219
4378
6716
7959
2063
1762
675
4719
9860
2476
3773
6091
2060
3328
1041
1799
766
5048
9788
9621
1044
6280
8049
822
4990
9561
9264
8172
9337
3820
8881
5829
6905
7936
6479
6590
1667
2688
4746
4988
4277
319
6138
181
566
9210
6885
9312
4109
7299
2364
7562
4077
7739
2695
4315
1454
7381
6002
5379
6529
9821
9050
5388
7001
1372
4195
8751
6677
6425
7186
348
2916
7274
5813
5320
1504
8316
1202
1362
95
8128
8844
8223
3364
4825
290
1168
4356
6440
8071
6439
7639
9085
7285
361
3712
5269
7849
8534
9233
457
2966
9257
8279
464
5412
1365
3162
9190
9650
7634
3250
1522
2288
7377
1436
8854
8610
7723
4199
3999
5065
8875
4354
3353
2885
1545
3379
8306
8354
2809
6984
8314
4281
5823
9767
1599
9310
4247
7615
1623
4184
973
4052
2534
5478
211
4633
2869
3166
7186
7382
8746
9093
6489
7306
9823
2487
621
5962
5959
498
1674
9039
9729
2122
5277
5961
8404
9008
5271
596
1363
1513
1151
3267
9851
3366
3907
9800
460
3110
6518
2922
8160
6318
9751
1010
2360
7797
861
4605
5056
2855
6837
8464
7375
1255
5689
6703
956
2223
2347
5522
4751
1648
4398
5827
105
2818
644
9136
1149
1147
1527
1771
1258
4729
4828
328
416
7605
8116
5864
6559
755
676
430
2842
7726
2057
5928
2975
6025
1729
7570
4921
5693
2264
6912
9784
1354
2460
9934
122
6945
502
6437
2021
9885
7133
7915
8476
9827
8276
7466
7584
3332
3262
6799
7890
9323
6512
5969
4467
5281
4016
6362
4263
7497
148
1777
3159
1922
6763
6707
9604
1516
6709
1935
6049
3511
5842
7599
7046
5253
3644
1732
4613
1392
1346
4697
4001
9843
4236
5128
6761
8129
3749
8962
410
3887
9141
582
7604
2550
2900
8390
4699
2708
2424
9635
6194
2011
9625
7276
980
2812
3390
8965
4852
9934
1156
870
1385
2668
5029
6659
2906
9774
8229
9837
5083
8320
7473
8856
6079
5678
6979
7189
1923
7721
748
4625
1118
1013
3982
6330
3858
2783
7053
9620
6518
8432
524
3929
6286
4653
9716
6520
9291
4500
556
1139
9890
4511
6827
2435
3535
770
8893
3007
8182
5497
6630
5056
1464
4402
7767
8288
6214
5684
2500
3606
8612
9289
2612
3590
9118
144
3031
5494
9284
8647
4680
5659
4074
7553
1488
9052
1929
442
7627
7553
5688
3250
959
6593
9654
7028
4624
7632
7757
8202
1652
8620
4364
4788
3294
1048
8603
5205
5903
9895
7351
471
3269
2731
190
3486
4509
4937
6137
9461
6291
5385
9840
8536
4194
103
4562
1029
5671
9747
8998
6546
917
157
7216
1510
3934
8904
8954
7226
6933
4518
3597
1154
7609
8045
8976
7531
1285
4484
6112
898
1748
6256
953
2098
3415
8105
943
2200
9099
5271
8667
6599
1263
5885
6976
7100
7775
3016
6171
7916
491
1831
5288
1350
9408
7910
3975
2114
2998
33
795
8702
8835
5573
4623
5545
2825
1807
5767
607
530
3460
1648
6818
3401
5950
8912
772
6519
3459
5272
1412
7434
4759
4223
7119
1991
7923
2453
1721
5163
8625
6852
3309
3310
651
5464
3300
6927
9358
7263
5288
3981
6648
6000
4364
4734
3194
8795
2161
1309
1144
113
2421
646
3417
6867
2707
4826
8496
9023
5019
2535
1681
2823
6567
3157
2930
4716
7558
9699
8793
2669
6863
1065
7623
845
9563
1993
3000
4086
5735
5328
7971
3638
5666
4881
3108
2018
6913
3174
622
9028
6818
790
898
4934
317
3415
9324
7069
4118
654
5274
5765
4782
5673
688
6796
8187
769
7825
9407
5903
5665
9391
7394
582
3366
9180
1932
8288
2373
256
5384
1051
9557
6176
8916
8778
339
1961
4321
5260
2588
20
1071
3169
8988
2872
8749
2339
1662
2003
3928
9552
4869
9203
8691
3966
4886
7477
5669
8005
5033
872
8045
5621
2091
8162
7428
9698
3730
1003
8166
7449
4295
5207
257
2601
4771
3383
3149
1539
2231
8960
4932
6949
2734
5348
9116
5691
5365
8284
2325
842
3483
9630
8664
7303
7975
4750
6916
1566
1217
9485
6320
2171
6135
7914
6035
1935
9893
198
990
8445
4164
1681
7799
3478
9496
4222
6154
8206
1446
2419
6876
5366
243
9508
3059
66
5973
619
4372
6596
2968
7919
4832
267
4613
1865
8552
1152
6351
948
7035
2603
7199
9402
5763
9719
5812
2380
9885
2377
8647
5903
920
6089
1326
1632
1418
3006
9159
1622
9635
2507
6473
2139
3701
8567
6745
5943
8094
6606
6723
9199
5681
1294
7568
157
4374
9178
49
3310
401
8588
3584
526
6751
7936
3476
5984
418
7358
7409
776
65
8653
854
7147
9807
2475
6675
8863
9810
7280
6676
7609
497
2951
6971
9428
3972
3170
3526
7785
8291
2462
7403
38
4227
9301
9443
4882
4122
5625
5586
9435
6362
6224
3923
5464
7658
2859
1508
1423
5786
4821
4001
5429
6218
9876
5817
9725
1982
3739
6376
7802
784
4701
605
2353
2214
8337
8131
2373
5546
1783
6692
5740
9399
4808
5413
671
5123
4873
5348
974
4507
6197
948
6943
3559
5733
9503
6945
4693
2814
3937
5855
307
1820
7588
2759
6793
1113
1444
8565
7915
3955
1306
5226
3864
903
7751
3019
9091
2024
6020
2723
9668
2637
909
4047
7865
7416
8383
8235
6042
547
9640
3072
7699
380
7784
6753
932
4558
2129
3064
9380
6424
2334
4995
8748
2549
384
1912
3291
3529
3638
2908
2346
5012
7362
5634
3318
3779
6780
4604
7899
471
4098
856
3274
3449
4671
2279
9033
7491
5455
1331
7153
5701
9045
8238
8519
3786
8463
6981
6937
9256
1128
8155
987
6676
7745
6044
9452
2345
8656
8263
5241
7699
7824
6451
5219
371
624
2987
554
3332
8594
5429
3204
4711
8402
4885
357
988
3938
5761
2080
3770
2112
4663
9378
9289
3172
4871
3097
5104
993
1410
5160
5424
7713
1438
5041
2505
3504
6586
9136
4680
6456
9402
5192
703
9680
1184
3087
1219
2934
7993
6836
3352
2633
9621
2464
5711
1572
3326
9385
7437
3504
6877
2752
5342
249
9650
2807
2404
1815
1261
5531
9022
8884
1984
9048
1839
1602
1324
6232
7332
4887
442
9118
2067
5737
2219
4031
3496
3069
5368
2664
4271
4810
5488
6127
5544
7536
589
8063
8589
2942
6207
8648
9858
2058
5379
4694
2313
1206
1218
946
1432
7632
6339
6262
7710
3157
2522
7186
4734
5942
6665
5466
5141
8653
9610
9355
4499
5284
9405
7196
3775
214
3377
7005
6975
4462
4512
5938
7538
9858
6905
4512
8522
1295
2372
7698
145
4920
6671
2684
5371
5107
4873
6080
3533
5475
2389
3934
4639
4490
8070
5219
3234
8830
3640
9891
1673
3295
8927
9006
3249
924
6897
1831
2117
9245
8092
9741
2533
1504
808
1614
8492
7092
9176
948
7558
8816
7186
9401
9475
7068
8670
7224
2796
8413
1882
2007
7874
8001
9878
4218
7399
7437
5818
3974
1398
3006
2704
3367
5953
4374
2515
7495
8833
8109
8839
5674
2736
5791
1348
6785
6478
1949
8252
2450
612
3304
1933
4622
1957
4678
7514
5123
6601
2322
4104
7171
2010
7832
4948
3679
8726
730
4004
1630
8028
7893
9643
877
3550
2453
2502
1469
4528
7563
1538
2548
3640
6150
4825
8387
9809
4036
6438
1204
4473
4394
9707
2319
1484
7628
7878
67
4106
9198
316
8906
6613
1156
124
1615
7798
6318
8060
6627
5597
9158
2886
9279
8368
2130
5699
7783
5642
1931
1271
5584
5999
1660
9067
5145
3258
2024
5431
3547
9882
4817
2547
8122
1517
5359
2824
7410
1053
4033
9069
2714
7459
3618
1513
6981
4214
3815
1284
4974
1226
8175
5743
9688
9363
1131
8427
9114
5576
9150
3219
1441
2308
695
6376
3804
777
1648
6758
8181
2023
9015
3041
2828
3516
6525
54
9572
1289
741
7181
992
2151
1053
9787
1797
660
295
8247
7774
2763
1281
2253
270
2487
3368
8552
398
9184
7582
3531
6377
5189
6471
3187
8984
366
3502
9209
6504
5767
502
2083
4949
231
1050
4218
7227
9532
4872
6263
6825
9145
9883
9783
9268
6979
9905
1014
8415
776
4038
5256
8403
8127
8359
7694
8304
1480
2500
7717
283
1753
7134
5583
1265
363
9880
969
3364
5254
5208
8370
814
2270
5242
9078
104
3085
8907
722
8016
6426
7003
5160
9334
9205
961
7444
4331
1754
1545
4163
7244
9086
157
1212
6868
3196
8699
5585
1176
2733
6911
761
171
1377
2573
7639
6387
9015
9008
8902
6747
1221
8577
4689
986
5655
5931
3331
2857
7194
5844
5751
4389
1518
5797
712
6727
739
6672
9602
6199
9036
4760
675
2058
6422
9194
5041
6565
5419
9865
1360
7547
8753
3027
7094
1099
1123
9137
5412
1613
7366
6959
7208
3204
2025
7050
7885
915
2028
4796
4608
1726
8661
7467
2719
113
7565
1374
1272
9596
9717
4580
1486
1398
6667
3103
2000
5405
8137
7180
2743
9003
206
3108
897
4099
375
1788
5094
1845
8790
464
3566
6650
3926
4299
7165
6024
8923
9058
970
8776
7102
8186
3411
1736
4030
8328
5023
554
3642
3239
2084
5903
3543
1879
3012
706
1903
4767
5322
8951
2245
5063
4258
3530
8712
9408
1101
2743
3634
2895
1706
4143
843
2047
9824
2357
1803
4208
8931
9577
6101
9277
3495
2799
5172
4022
3798
2389
4063
7353
1622
9881
7338
8623
3165
1749
6924
6948
599
4646
2946
2034
7401
3199
588
3668
2426
2778
9676
6693
754
5402
1738
8287
6503
2788
6152
2739
4382
2904
1240
918
2281
1041
8962
3176
9665
1021
3258
8115
4484
5726
9433
2094
9670
9708
7731
1308
2311
4143
4203
280
3232
5029
9129
7536
4585
2247
8802
6833
3077
6288
9265
3861
7275
9620
6492
9773
3103
3392
3082
1946
7954
8751
8248
6498
9738
7573
5989
8092
8389
6170
9851
2113
7334
7259
2532
5057
4563
620
7747
8321
8121
1628
4815
7721
4057
6327
4467
2302
9641
7454
7214
4134
4511
7147
6751
8985
7421
2851
5170
629
3245
1046
5204
1078
973
8097
2752
216
1230
8248
6492
7126
5825
6853
9194
2373
1755
9830
2647
5487
5225
3552
4194
2534
2687
6656
1588
3959
1497
7876
834
460
6356
9695
7402
124
9703
1356
8497
7291
8536
6037
7269
1832
1578
1112
1234
1230
635
1982
3435
102
3143
4002
5967
2061
8510
7967
9146
4457
9471
9936
1587
356
6197
7984
3096
980
1476
5897
7283
1448
3951
5100
9866
4560
1747
5962
6904
3026
5227
6206
6330
3670
2105
2764
8846
8767
1743
1886
9896
6987
5980
1029
6915
7322
3512
9846
3589
5300
3059
3020
7473
3518
7108
6339
8321
1557
5126
503
5928
3626
8133
4789
7461
350
3863
1119
1052
1570
3140
8263
5534
1520
1567
1968
3494
3830
1672
2527
2199
2147
4021
4357
1144
6521
7805
7510
9165
1963
4757
7925
3923
7552
1990
8699
1906
5784
3980
3550
2789
93
370
2318
6390
8423
1789
8012
6769
8048
6118
5234
7089
5747
6115
8421
400
3366
2946
9934
8042
7382
5917
3421
649
7657
4177
9036
5530
9312
8639
7408
7353
3345
998
19
190
3658
150
6587
5964
8357
9595
9782
9804
5587
5039
4596
8018
411
8530
6952
6607
3844
2084
1930
1126
7232
1908
9638
8643
7148
2322
1332
7486
202
1704
7484
9836
4979
8876
6927
9013
5166
3251
2428
9607
4381
1202
8691
6426
3648
4765
2164
4996
250
1650
5485
1022
8673
8087
1148
2700
7615
5988
5532
7059
1768
7171
6812
3725
7354
2663
319
2099
3183
295
134
6874
3719
964
3923
7647
7611
1492
1163
9598
6186
6471
5878
8420
3494
7774
3147
5756
8098
7438
1446
6055
5576
1834
8567
4505
3540
5733
7261
9798
2442
983
9621
5864
7069
5657
3039
314
9150
6376
9859
6467
7181
4238
165
9264
6546
5969
3335
4273
7916
7658
5375
3517
5823
8036
9047
4766
818
5989
2202
4917
1046
8007
9276
5149
1743
3128
4866
7405
5413
9018
7782
3065
9271
9671
873
1517
7165
8243
9577
4374
9424
5587
8634
5413
9251
4875
6298
7474
1402
2721
6337
5019
4918
8444
2960
3005
4385
2606
4290
8607
1937
9597
6727
1165
1647
6697
2221
5860
9133
2084
8498
5982
721
8696
47
6657
6310
7995
6227
9538
1680
9103
7721
6219
7362
5923
2714
8162
2527
5367
8549
356
4358
6554
5424
2863
8176
1528
9126
5198
643
9176
9533
1939
4481
7096
9703
2644
1457
7356
7511
2804
1546
411
2705
1270
605
4291
4059
1104
7462
4857
3857
8755
6278
2831
4881
926
1389
3527
261
8409
8674
222
6093
9634
8610
6902
1663
8408
1235
382
4738
8419
7303
9713
1600
6247
4385
6183
4624
8324
7888
9083
6449
3557
7625
2711
9789
2135
5943
2050
4774
7458
8372
9612
5945
8850
1609
7560
4051
58
5493
5392
2143
2096
3350
7325
596
7412
7457
6699
823
876
1748
7729
5057
4147
5903
5501
2993
2908
667
166
961
1763
2624
5549
690
6314
990
7462
8937
9848
7014
8027
3621
8468
3725
7202
4751
9597
4077
504
8112
9038
8046
1290
5398
9727
3929
8689
5225
378
204
4858
343
8587
4222
6831
2452
6363
2733
4439
8739
9839
8270
5362
8353
3544
396
6717
3122
6848
3270
523
4936
3754
8152
2592
3082
4935
3051
6935
9127
9668
1926
1153
4877
2125
4675
8997
2995
1807
1796
8641
333
9703
1774
9292
6303
1499
6729
9629
1486
266
8185
7967
2331
4561
2522
7947
3718
9850
738
1103
5903
3919
7669
3037
5180
3201
6497
8283
9195
9937
8894
319
9848
2811
5080
9876
4861
7879
4091
3365
2853
2327
9577
9740
1588
4110
7402
7172
2299
7174
1875
8085
8443
4155
4917
6213
7793
9273
9455
8972
9321
2428
9587
5520
1134
2996
1847
9322
6198
6511
8682
8411
3983
1422
4765
5900
8874
3414
1952
5963
3799
675
8258
2943
4540
8907
3379
2037
4948
8143
2274
7537
5276
8158
495
5570
5470
4001
7754
4276
4425
9067
2127
5736
3963
8865
905
4966
3382
1546
3460
2054
7587
6696
2038
3249
4167
3106
7950
3980
7489
4114
1545
4982
199
6900
4083
2504
5959
8472
4049
92
5417
1983
509
8086
9051
2502
2681
5516
4222
5858
5482
9609
4293
6259
8423
7530
1125
2887
8399
9929
52
469
6215
430
4923
3072
9241
3087
4769
877
305
8970
915
8512
9543
4544
3203
7960
3747
8687
8978
1734
1507
3183
2097
746
7558
997
9832
6339
7994
6739
5779
6651
9821
7819
4174
162
7342
6175
477
3052
4649
8963
9602
6827
7622
953
4668
1847
9167
3190
6152
1839
6965
5459
5848
7382
4938
8432
190
6340
9312
2503
7088
8907
4756
292
5286
1842
202
3115
1736
20
9386
4496
8054
6377
7720
2208
6593
4740
2390
5488
8783
5779
8260
4830
6775
4531
3753
5872
4259
1884
8759
8153
239
4274
9512
4948
4640
6336
147
6018
6699
8057
8376
6737
9508
9083
1784
7173
9912
117
8037
490
3238
5069
4852
6956
5918
5572
5310
3939
1241
4261
9741
9392
9406
3947
453
2374
6743
8034
1341
5010
8386
6798
5846
1041
4956
8831
7163
5897
8402
9117
3974
9930
8376
5201
1479
6814
7301
6841
8552
3874
6616
6
6790
5493
4550
8428
9105
3133
9619
891
858
6318
6945
7582
879
6941
541
2805
375
4218
2538
3307
8722
1150
7441
3868
6303
5256
3934
2298
1517
6956
1817
5978
1103
9280
9636
4949
539
1264
7767
1115
7884
5852
205
6236
684
2543
5346
4313
5558
8329
2499
2749
6923
8278
9601
6130
1117
732
5646
1422
185
6008
4398
4050
7826
4791
3425
4102
9358
5163
6452
4699
4875
700
2214
6266
8656
9626
1808
6935
8235
2752
249
4622
7390
8775
7962
7589
1271
2263
4769
3407
6409
4391
8356
3942
1976
2399
5848
228
9421
7404
386
9789
5659
9585
1339
617
5113
1216
196
4101
3564
8201
9242
7742
5194
7680
5433
1670
8004
2646
7838
468
9713
7512
8502
3326
8753
7660
5722
4146
5776
7895
2793
2779
2174
4249
8924
1507
7228
6454
3196
3859
1343
8879
4446
7112
656
6954
8170
9086
2245
5554
4688
18
7797
4904
9841
9907
9035
7491
7700
7614
3748
9288
699
714
2084
7115
7017
3273
8040
6634
8920
2414
6160
642
2054
7636
4036
2537
4422
9431
4911
3901
5107
6446
6523
4220
5117
2538
9582
461
7316
3952
4511
2830
2558
1883
9061
9699
9101
9571
7412
4504
5389
4059
3671
536
2987
7536
306
57
9388
2626
6943
3095
2127
2091
7472
2210
13
3614
3075
7982
5447
5747
4270
2476
7097
4893
3837
3846
8972
8546
8337
826
734
4982
2419
4138
8175
2035
3264
9195
8244
3963
9009
9453
1413
5619
682
3104
6325
5744
2456
1736
18
416
9881
7203
6475
7160
5984
9376
6859
5462
9505
9623
3672
127
64
4872
6984
9336
1466
933
6682
6883
8854
5689
6914
8987
4446
8545
7952
1188
5278
9687
3213
7065
3086
9734
6710
178
6199
625
7049
6204
3887
2735
9776
5822
4373
8658
8831
8561
9567
1441
4393
3539
6312
1197
9221
8241
2481
9297
8855
2467
2812
8758
5639
169
5939
4882
3398
1331
8351
8185
9606
6101
156
9359
6942
334
2829
7791
9593
6550
6549
7420
2382
7007
3996
3030
2454
5262
3134
462
6160
1019
4776
1436
1587
3967
1022
3469
8739
3396
2157
5055
4148
8916
406
4662
5887
4763
2819
5967
3289
6676
8926
747
990
7623
1450
4551
4860
7084
3716
6998
5354
9562
2760
1624
1890
8386
6126
9369
4772
1849
2411
5710
5786
2559
5110
3199
5361
5551
1847
6614
9181
1672
1342
7174
6666
9850
7598
9663
7324
4837
1461
4104
32
4094
5921
6754
9489
9509
2615
1946
8997
4997
168
6549
5078
8593
5195
2545
6076
739
9405
2324
317
6191
3332
72
1568
1051
5135
9498
6846
9618
359
9336
5227
6662
8035
5983
5687
5983
5755
6227
3151
5244
8634
4759
5372
8276
4557
9014
2231
3983
7815
8039
3966
2222
2143
5782
5162
5612
1986
1804
4527
3105
2646
974
3063
6979
3189
4923
1189
789
7241
9675
4276
8487
186
2583
9522
8704
892
387
1571
4637
9065
4918
8737
7240
9333
4814
5144
8463
9436
3390
2887
2028
6012
3310
7193
7968
5409
2460
6652
7711
228
2029
9160
4529
3900
6577
8049
8993
4501
9780
5777
1696
6577
3549
8957
7572
4205
6259
834
9256
7633
4979
2
7477
4541
3573
6541
1745
2369
3749
6131
63
6425
2877
5166
2359
36
1244
8331
1290
1549
3005
9408
3553
807
5971
8604
8637
5158
6439
153
3138
579
4822
482
2164
7151
3981
9132
3060
6925
885
9087
3287
7509
6028
4511
5001
6080
1533
117
9205
2567
9198
1361
8449
5748
801
5308
3924
8102
9621
9741
611
8588
6187
7972
6473
6383
9393
8551
2549
5028
205
8023
9711
4850
1121
4034
477
9883
8888
1481
3061
1124
4003
8871
3770
7802
6481
6829
5765
7249
6032
5095
3735
4399
2947
4130
3104
8424
8447
8549
8281
4906
9859
1012
6355
960
5745
9358
7849
6342
9368
6578
5618
4354
6194
6521
896
6322
4577
141
1813
9681
6452
3143
8804
9318
3392
4751
7361
2176
4487
6727
9746
657
7111
5594
4197
8550
3842
5311
7876
2121
5922
5838
9023
146
3426
6012
1155
7716
8754
6618
9727
1869
3957
9667
204
8131
306
9353
5414
8612
6691
4645
1977
3169
9238
5920
9521
2916
806
4876
6282
4436
2740
3616
5914
5544
7110
8011
388
5273
1628
3214
3043
7613
9348
5322
949
9863
4092
4812
8387
5584
4048
9478
6953
3829
7753
4193
2046
6176
8994
8983
4800
2424
5997
6063
2520
318
9651
8784
8548
9012
3284
7398
6014
5041
9264
3957
78
248
1728
329
323
3595
1048
2572
7615
6600
8025
6945
4011
8308
9537
9858
3509
249
1815
2117
902
7083
8663
6831
5209
7250
9299
6656
2152
6610
3162
5473
2084
3584
2354
9382
3534
9404
373
3481
9510
3692
1360
1305
3999
1180
3748
6442
5920
3589
4808
63
9573
2368
1120
5678
9669
6289
8909
6244
760
72
133
5893
2152
5485
6786
9534
976
187
4391
1398
1854
1987
761
4095
3870
7124
8565
8040
583
2260
8307
3855
550
4426
3187
7535
8322
1394
7097
2802
5971
1010
4650
6840
6556
6447
1589
5463
720
1786
6467
3826
4079
4062
688
7789
8238
2641
4184
158
5967
6441
3925
8166
1716
8360
2986
7845
9913
8221
2876
7052
2754
1947
2050
2087
4879
3187
7972
8135
8389
3499
8360
5860
6872
3461
2270
4268
424
6876
1276
8237
3145
3689
8004
9544
4006
7460
9715
5235
3027
5265
8521
3280
6010
9686
6423
6041
7764
7685
7328
380
6044
9577
2558
9068
8300
3997
5760
2689
6984
912
6601
2496
8527
7222
548
8058
1952
7979
4850
681
2796
4601
1177
4099
57
9251
7374
9472
1764
7926
2174
3800
5003
6192
6122
4125
5065
1665
1647
6344
6995
4399
8197
8898
5134
1744
1108
2769
4517
4774
476
3978
9362
2907
7068
664
6208
7743
3561
5401
4273
8250
4624
1777
7538
9615
623
6615
5058
1134
3071
148
8990
7307
2875
7449
3565
383
5956
1100
8082
374
5707
5085
6530
2133
6651
3892
8318
5246
4172
8508
5844
1609
6356
8479
2311
8436
6323
501
8937
9834
7753
447
663
4743
3942
2585
1071
7381
2037
1926
6676
7326
1736
5476
465
315
6566
2652
4806
9387
6554
3294
679
3594
9551
931
4122
2302
6596
7319
9153
9101
5448
3846
8005
7706
8781
1153
3392
772
8643
5711
3293
9005
8097
8808
7908
6927
2889
3649
9927
2966
1578
7698
8023
5982
2673
4808
1634
5004
8660
7803
2727
5664
1105
8793
7092
4605
6771
564
1624
3594
9309
5584
9327
9256
6411
165
6074
2898
7082
6917
6474
2249
7828
1387
890
7753
2294
8398
1344
6075
1422
4706
1261
7416
5290
2436
4491
2313
2987
8463
3217
5017
9741
7422
8160
6764
7318
901
1118
4172
5785
5668
8869
6360
2232
7827
5300
3060
7421
7556
5617
3142
884
2799
1239
7589
2829
6772
8084
2723
2373
5918
1600
3157
4007
598
7128
5528
8774
9619
2394
2591
7608
5674
301
8234
2421
4878
1366
535
6840
5372
3488
5234
2940
594
318
7980
3724
5135
8266
8795
9245
5697
2639
8662
3915
4505
2253
288
7236
6659
4959
8160
53
9515
5262
5935
248
7515
7004
7810
960
5462
5514
3000
4461
452
7916
6024
3610
6639
3979
3935
6409
1934
1915
8300
7488
7411
3492
5730
7056
4871
396
9157
4548
2929
9521
5854
6938
1607
6701
8494
5806
6184
2342
2580
3024
5277
1592
9151
7830
9884
7264
7183
7630
5186
1934
4205
1641
9635
8164
9741
6839
287
9690
258
8267
8827
7202
2494
7013
3712
3422
1465
980
5496
7490
8579
6915
7497
92
7097
880
8656
7637
7380
6441
3008
2671
1114
6739
1344
6384
2046
5211
9485
769
2217
7933
992
5873
4126
8279
9873
8644
6383
9499
1153
1918
4110
2122
7716
1913
6090
6190
5053
3774
5216
32
9080
7387
1558
3504
5949
3652
5621
8432
1933
9522
7330
5988
85
7219
4649
3731
7235
2901
6529
5499
7423
6772
6829
2278
9476
4200
1218
6333
8042
7070
7925
1760
4207
5738
2630
228
5704
4464
6168
835
4338
7282
6258
2061
8540
3112
2144
8576
6317
2536
9851
3969
5684
3265
8994
7124
7511
688
317
3158
1452
7750
5697
4786
9840
3165
9621
6824
2607
7144
349
6070
4454
4773
4546
1472
7607
1597
5717
9114
5132
1472
8031
431
6189
3136
6295
7760
9823
7719
6909
5250
2936
3584
9693
2962
3192
7980
2254
543
9593
8520
7025
9081
6436
1623
97
9789
5802
7864
9121
3243
2409
8738
5221
5305
7044
1793
9623
5585
4844
6351
3287
5379
7308
2700
619
2219
80
8373
4766
1688
3683
4572
234
1369
9576
259
2472
8853
7285
274
4286
8748
5767
1314
2832
9261
4981
3962
7862
63
4349
1894
2074
7819
3108
2659
1258
4067
3796
3578
4216
5097
8932
891
7716
5590
5231
9017
9603
6191
9331
9165
4877
2693
8257
6633
2836
5967
1590
6850
9459
429
4916
8955
2645
3176
7689
8116
4537
3247
8051
1009
1425
1284
4683
8655
2237
4120
4836
4812
5826
7251
7106
1972
7833
4408
8026
431
3496
157
826
1754
3693
6027
3914
521
7486
9486
3062
7123
2494
578
2768
5009
8724
6883
865
2334
1303
8863
8421
8018
1500
2423
3353
6506
7158
8564
9825
8907
1413
1617
622
1660
4969
1422
588
1
2302
1276
3708
4211
1368
6026
1549
65
384
4628
684
1016
2858
9556
8592
4941
8626
7038
5581
4536
661
4230
4885
6863
3495
50
3650
8596
9862
6934
109
6091
1447
3485
7831
1380
5091
341
686
7365
4425
9779
8998
7564
1115
8422
6977
5188
377
3170
2308
6485
1079
691
5352
4827
5387
9538
8882
9239
380
9673
5875
6603
9070
6568
8969
5444
8626
2364
1923
1476
7781
2844
8965
1921
4674
8862
4370
1573
4434
5223
3747
8251
7546
2984
2292
9417
9513
9134
6522
9534
4980
1665
8930
1976
9192
4386
109
5877
8736
7815
7661
7493
2194
2636
1174
7244
4695
3270
4481
3557
6764
2135
9611
4260
1311
2561
5352
5381
9662
7353
1295
5145
7506
5605
921
5149
6786
7642
9495
6363
1154
6843
3784
3049
7462
3023
3354
957
6223
3553
5763
5384
490
7619
4230
9479
7746
2462
9730
8229
1843
3659
236
8226
8726
3839
3688
5076
352
3802
6199
471
3908
5211
6732
4989
2721
6934
673
8804
9141
2039
1270
5162
5050
582
3307
8129
5767
3084
9198
2319
9639
1146
9623
2742
3217
6021
2207
8746
609
1978
8385
116
9138
6674
9722
2371
5229
4039
2090
2450
8691
9118
4267
803
5667
7707
9769
2289
1038
8438
3704
1065
1517
1612
456
9022
8843
8849
7277
7038
5406
4094
3904
2203
3283
8760
5633
4522
3377
1757
2199
7601
6408
7995
4998
4158
5320
7676
127
4644
8032
8682
3612
2719
8496
5044
449
1696
2413
4881
2530
2424
183
3191
1541
9739
3582
8634
3530
5900
1744
3251
4776
7212
1528
8060
5151
9770
3639
2115
2121
6040
6327
2095
3016
3048
7819
1063
4510
8013
723
7650
8755
5750
6291
2706
5620
6682
5963
1935
8326
1703
503
6255
7565
3910
3297
8433
3272
118
4975
4328
9574
3917
6472
2451
5463
1775
250
184
2328
2538
2532
5496
6478
462
1184
7474
1798
7974
7481
8293
2893
6157
1726
3800
9233
8789
6652
9199
6766
1048
7198
3528
3495
8332
5958
9905
350
7190
8906
2837
7025
8634
9347
8231
9898
307
4119
1365
2776
5593
9559
4289
3789
2015
291
3890
6982
1186
7823
4619
7893
1273
6651
1501
7329
1212
4423
7084
9064
3770
88
4886
872
9711
710
5552
2785
3364
5334
5193
4343
8107
4604
6139
5839
7018
7467
623
9296
8132
3402
32
4556
9164
3170
229
2939
776
1390
2109
7552
5935
9110
2638
1146
7848
8076
8060
3401
6406
5400
566
9204
578
5707
4339
3485
7805
4010
356
9175
7381
1822
952
1506
2368
1411
1486
5065
1247
1423
6150
7955
3843
5192
6714
7040
6314
6726
9483
8616
3423
7684
8024
6697
8796
9511
1226
7943
281
7427
2673
5794
4722
3380
5903
5476
6704
4683
717
5338
7999
5496
9226
8044
7344
9427
4954
5757
9023
6417
6775
7689
2451
7952
5207
3381
3339
737
5302
4857
9440
3688
5695
2592
8324
3736
1299
2969
6878
619
946
551
3822
6391
1738
1321
4274
7233
5973
6963
9753
4680
8122
3927
4746
5150
5679
5544
3864
8359
3557
3756
4852
4967
8911
2518
6698
252
9392
3335
6048
8077
8836
2355
2298
3339
3126
5823
1665
6415
2283
569
2310
9714
3203
608
4122
4843
7690
40
4819
2633
6601
690
88
2736
593
7693
4017
8138
232
693
730
5549
8849
5508
6193
7003
1294
1434
6748
8338
4430
1749
1151
57
5565
1774
2063
9814
8845
9715
8119
9624
857
914
4058
5820
4416
4290
7765
1632
9426
8055
4253
1208
9704
1330
4324
195
6752
4564
8618
4982
3117
7717
8556
8817
3213
3405
9689
6498
1141
7638
7507
685
13
4526
9533
6905
8971
7218
1121
3640
7172
351
9924
6640
6004
1043
3653
3395
3485
8220
1787
7109
6604
8490
5858
6192
5402
5967
1737
4420
7245
3892
2452
3478
3169
160
3172
2123
4607
9026
8450
5590
5694
4141
5099
6388
1695
4914
6520
9613
8724
7230
9482
8745
247
5380
138
1834
3287
742
7969
4599
6369
3027
3811
7378
3166
5011
6046
6791
4059
879
4864
3472
4363
4015
7252
5192
2754
9511
3648
9104
7458
5774
2933
5871
7335
4355
4520
1908
3301
5840
3973
2743
7251
2429
7329
4716
4307
9662
3459
9169
6260
326
8377
4496
6594
971
7435
4119
1752
8251
2791
2404
4762
4013
6545
4961
5466
6868
6045
5155
2046
532
764
1684
7515
276
1253
990
6379
4343
8713
9042
2237
3829
7682
5239
9185
6705
3996
5681
4447
3264
5778
4043
3158
4044
9387
6488
6030
8800
516
8288
1913
7670
6319
6616
2875
2611
4241
875
5715
523
8139
668
3176
396
1886
8492
9199
4370
3430
1893
5883
7690
5015
5241
8774
8676
7632
8981
7284
6182
4570
2725
50
6349
2548
8221
6188
3403
4601
4670
3366
1906
2072
5786
7498
7549
311
8313
1589
3448
6417
8862
9885
2825
1150
1658
5346
2926
3033
1393
361
6788
4277
4220
6057
4420
6313
3803
1982
3491
824
8080
8309
7942
8710
8331
1753
1868
3302
1790
8991
772
9064
8954
1981
9859
4453
5363
7135
9723
1563
379
7697
396
9448
1719
6656
8035
6265
4954
8412
3404
3447
7661
5602
7572
9106
9588
7594
4938
8913
7394
1148
551
8421
2661
2487
2815
994
8657
3455
4534
3723
4785
5778
3074
1535
7686
8668
6980
4177
9678
3198
5613
2740
7090
1240
3710
3162
4274
1321
1277
5480
1682
6045
6702
5417
3038
6729
7271
4349
2164
8134
9558
7455
8544
3056
8168
4948
5531
7214
661
7924
2330
3802
4264
7677
9474
4830
2963
5815
4150
6257
6125
5761
1129
756
3877
8728
6142
4566
9124
5447
409
6750
7486
8121
2080
3533
9298
8728
6125
8784
3796
8029
1686
9920
2673
2459
2990
5228
782
1872
7462
8688
8326
8305
7708
2003
2225
3050
6779
5473
7334
4838
6083
9005
9772
9075
9217
2324
9075
6518
1234
2032
8714
7869
4485
7666
2898
9465
585
7108
8284
5009
3103
292
9803
3846
1572
3971
463
4573
1756
4385
7246
1201
2482
993
6253
4676
242
9528
5467
9619
6690
8122
664
1638
6110
4718
5645
1624
2295
5253
1758
7072
8711
5288
3744
8466
7114
609
1926
6749
6280
8026
5888
8185
8712
2954
7140
7335
1433
2050
7912
4155
9799
2328
8221
7112
5874
7382
6738
1822
6113
7862
3451
7739
6380
3875
5719
3497
7294
6500
1990
2425
1365
8726
5151
3926
2279
6408
4908
5891
9196
6946
4368
9919
6230
9723
4934
3585
9852
4370
6749
5908
2635
1394
7879
8920
4596
9715
5612
6674
9567
7964
3537
8489
1165
7701
2388
1178
250
9201
9877
1075
4552
5359
5109
5294
8804
5260
4833
8253
2797
2077
7966
1622
4856
299
5141
940
3058
1677
8045
4043
5343
1588
3208
2141
2419
3872
4790
4577
5981
6682
4116
695
2840
5466
4472
9088
3929
2482
6416
134
9071
1822
4919
7210
2750
2087
8951
2902
5369
219
4522
284
3771
8957
8261
1136
3106
8099
968
7426
6409
6418
6262
8563
6323
1426
5909
4498
4464
5405
4671
7000
1097
3111
5905
4176
3181
4783
259
9183
3852
9376
4775
6190
5116
8883
9128
6615
9380
1812
4640
1785
1313
7156
3611
6393
2670
7778
7758
6968
1383
8326
2878
8069
9833
3535
8030
850
6110
3365
3777
556
7792
3371
1766
4625
9310
4151
7681
1178
1045
7876
559
7646
8207
9630
8075
4909
6860
7970
8745
2678
2377
1320
140
7917
30
985
8442
6242
4263
5613
6045
7561
7708
5683
6639
4809
2996
8307
6770
1093
9714
5832
345
2373
141
5824
8037
5575
8220
3816
9000
6632
4270
7240
8134
567
708
699
8724
7046
5840
1319
2748
5370
1525
294
3693
7785
997
3687
2464
3353
6672
8319
4176
4307
4588
7388
8376
4999
9354
2564
9557
1458
4573
8590
6482
1152
5839
5840
3383
8514
7171
2176
4591
4856
3340
4471
8236
3505
4762
8956
7585
2094
5104
5711
7153
530
4577
8064
4417
2079
4134
367
9507
8945
9305
7044
8054
8701
1117
822
4983
7884
8788
8373
5279
2881
9086
933
8953
1720
4622
448
1330
1992
3692
7068
9524
7410
3497
42
1352
9412
9909
8964
2524
4615
9460
3234
5336
9257
9300
6060
853
8900
6788
9281
5895
379
1145
3332
322
1097
452
2642
945
9823
6664
9160
78
6570
6421
9741
3056
3468
2676
1401
2293
3872
3966
3103
7968
5824
7776
7727
1288
4068
4850
8287
1166
2425
335
8535
5552
1470
2254
6507
645
7366
8759
3528
6883
1819
159
7492
8966
4007
9670
8495
5211
6701
2376
8652
4422
4588
3834
4196
5976
6450
5590
4584
4051
7559
3905
4822
9233
1535
4745
7365
3875
2328
6927
9726
572
4149
1761
1279
1380
333
5767
3133
6934
6528
6941
4940
9092
1687
2961
4323
462
1163
4274
664
7868
4841
9814
7188
4798
6276
7430
981
9242
9908
9190
6930
5759
208
3100
8814
9679
6770
3513
9138
9106
5326
8351
6101
4327
787
6803
366
4812
3999
3519
8485
6694
6867
1261
101
8500
9663
2393
9154
7768
6425
5669
3523
302
6828
395
8256
6686
5420
9915
7744
7182
2219
3934
1467
2654
1525
4787
7100
7846
5995
4007
5541
1916
7872
4296
3662
585
7818
2521
6210
6895
8805
6163
1878
9523
8402
6131
5138
7297
5162
8713
1973
4108
2997
690
6635
3819
6850
829
7748
8462
2436
8025
1433
5374
2074
5531
4158
1419
6003
7645
4682
5053
8901
165
4780
6116
5821
1673
6060
1932
8392
7350
7987
1753
6267
8789
17
9691
9651
8040
6476
3878
610
1575
3318
8598
6833
376
7872
4336
5327
7754
8898
5871
9519
5114
5290
6386
7490
6715
3055
6700
2106
2450
1658
46
2849
1624
5224
1957
9912
3162
977
9447
432
5484
3861
6980
5350
7462
1926
1064
2499
8066
9008
6648
5883
6781
314
9548
5297
4921
2649
6476
4588
3680
6117
3524
4360
4970
4925
4425
9711
2954
4724
4580
2579
3418
9511
390
5552
3841
5933
857
372
147
3095
299
9636
6167
5744
8829
9818
4237
6656
905
3332
3783
2187
9558
6844
3065
3365
6998
3172
1480
2052
2752
6515
4314
959
264
5530
8886
5939
7603
9655
826
4762
1294
2612
795
453
7230
8300
1556
2886
1070
4675
1442
7390
5594
3173
4765
2849
6844
2490
6750
8296
2778
2485
6959
390
7773
4951
8891
4755
7741
3011
1555
9574
4067
4863
6953
8408
7778
2817
5828
7559
3550
6535
6281
2302
1707
3276
5154
7448
7017
2902
3541
9638
9674
8093
9387
7778
1111
6963
4467
1835
3850
4128
4723
1946
981
3020
7661
3637
1022
128
5085
2218
881
3467
7995
184
5597
3230
3656
4292
9384
1768
3845
7310
746
14
1402
1930
3517
2221
1503
972
2724
667
2533
2055
2067
7585
5270
5788
9288
8775
3284
8966
1388
1221
2525
7198
6603
566
4743
1487
6060
680
3611
7720
9434
1911
787
7977
2336
5585
7784
6094
9569
5111
7958
6055
718
9816
4766
3653
8405
6304
5013
5458
2351
3352
633
6756
4580
8916
8818
4542
4889
9174
2424
6349
6848
508
3521
5428
950
5323
2714
7501
9729
2597
5657
9345
9855
2893
6425
2605
5774
8376
2680
6905
8535
7831
1837
9259
3887
1831
7103
9679
9640
9425
8034
4517
3634
5987
3332
5276
7047
8656
5011
4144
346
3928
622
4197
7828
2250
8045
2621
7614
5210
932
1258
5165
1078
3237
434
3195
1295
2357
8372
2878
5320
1079
851
3170
1171
3039
8876
5778
7058
8779
9351
7336
9177
6356
2854
2903
6977
4588
5041
2698
1594
2779
4692
2134
5974
3023
6655
7906
3010
3628
5196
728
2457
5098
1628
7615
3954
1930
8234
3872
1933
1684
8315
5799
6181
2022
7690
1717
3632
8558
3772
185
4573
5341
209
70
7525
1767
5156
8785
7958
226
834
5801
3655
2086
5260
765
4515
7018
8721
3330
6070
8291
7983
1448
3518
9030
2999
7490
7266
1554
9344
1918
778
1311
2129
670
5658
9916
9762
5006
2344
7307
5896
6664
8408
8237
9889
1249
39
629
8275
687
3042
6913
6660
6751
4933
9264
9311
977
1589
2008
2887
7159
1801
4553
4627
2136
851
165
3124
4117
5765
8634
1564
3685
9211
9762
662
3151
9657
3109
8859
7548
6685
3077
2121
8741
9208
3136
8975
7972
1133
44
8652
9915
8165
4744
5380
9838
4887
1547
1044
1992
6454
6425
7730
809
4074
2651
4300
5654
9629
8643
2046
4254
7961
3492
6741
2677
6460
6394
1770
3285
2997
7189
1449
2963
8522
1198
1754
2177
6982
9529
3179
4902
8207
9337
4320
5767
9898
7386
2893
6336
5554
3614
7511
8022
8036
4063
9244
4568
7749
1893
4219
8313
2458
7396
1018
8104
2231
2464
5036
8245
3993
4827
3225
2039
1366
1767
5441
3310
2822
5017
783
589
4198
8471
4578
996
3763
7033
3830
7011
3779
4714
9915
3616
8355
3326
3873
3912
6203
2526
6680
8818
8034
4755
2413
29
3812
3824
7269
1352
6506
4516
7685
728
8421
3249
5225
5255
8606
8115
3561
2155
7607
8709
2127
933
6103
985
9226
9648
8626
6785
4874
2573
6384
2526
7766
3302
9382
7525
38
6198
3010
3572
675
8247
5067
680
2174
5379
3664
5922
1855
4496
2675
3331
3356
7215
6312
1273
4903
7264
6475
6316
4382
3195
4976
798
6346
7298
2932
8291
6542
4116
2309
4467
4497
7401
324
9939
4118
1996
9482
4011
6852
3109
7592
9434
4269
3566
9854
3902
8034
4419
7035
6906
7981
8708
4986
4176
4472
1520
5426
9331
2771
7174
4443
9151
802
1140
8864
6230
907
4890
1304
9728
6684
3898
9525
3457
5591
6995
6129
9504
4485
4868
58
1977
7184
5970
6931
6772
8608
7072
7126
7235
2299
9133
559
8003
4599
8590
270
9662
6812
3048
9165
442
3303
899
2092
9525
8380
556
8586
6802
9209
9653
9303
2920
2356
4436
704
6149
4821
8589
290
9494
6895
7858
9124
7883
3912
7688
3559
7993
5158
611
4998
6770
778
2970
4511
8432
7707
954
8292
205
6032
2608
2697
4290
6392
9339
1957
589
4926
9673
7907
5917
8512
7643
9184
2610
670
2626
1997
1283
734
5663
5330
9596
4430
1514
2185
5117
4254
4612
9403
204
9454
3505
6126
1167
1176
8738
3581
7219
6185
8159
6781
8249
164
6286
1387
9333
1219
2623
646
6304
4011
1395
161
7040
7644
1069
5455
972
2654
1411
6204
8267
8648
2544
9563
2449
2344
316
6025
3594
48
8747
7184
5889
3071
2106
4436
3469
9470
193
2572
4009
7242
2074
7949
7908
1622
8601
5194
2126
4655
822
5620
7670
1339
6737
825
17
1636
1384
7235
656
7739
8362
760
3830
1378
8608
27
7271
4157
3165
6825
261
1722
8821
8287
1465
9516
8452
2690
5824
2187
2656
9354
3433
8016
4961
2377
3733
3085
3432
8392
1987
4651
3094
6255
2782
9788
9294
4734
6168
1147
1661
1316
722
4120
4989
1848
9041
4635
1390
6703
2525
4165
3780
4023
6711
3214
8819
8128
4782
2266
3652
1263
9935
669
4884
7330
1507
8424
8219
1559
4889
1989
8397
6643
5290
6415
7586
5312
3404
9797
5425
6247
9200
4982
6735
5808
8560
5699
670
8659
3939
2259
7678
3421
9664
2363
7677
6780
2017
7825
3432
5677
6361
4606
7905
7542
6346
1817
4147
220
8269
262
4573
9357
3889
922
3980
388
9080
9084
7315
958
8385
3862
5703
5576
2590
6321
885
7714
7318
7672
7797
4498
9078
1745
6458
4090
4273
2779
3186
8787
8959
8008
322
2802
3461
2998
2499
4185
3646
4824
7602
1306
7168
9845
9883
4682
5246
6369
7924
4252
7028
9122
5130
2893
109
5716
7609
2364
7891
4321
2669
9655
6020
6613
3592
2391
3173
1964
9123
3205
2544
294
753
5605
1099
3123
8498
5039
2826
2320
5468
6310
6574
1602
1457
7060
4020
8099
5821
6596
3895
4446
5219
365
5161
8726
6384
3280
1666
3402
52
8644
8319
4257
1330
5469
4253
42
2081
8137
9791
1040
3306
2316
145
84
4689
8282
5611
1374
1952
8547
4360
1590
2054
385
3281
1339
9101
3596
3659
5186
6571
8505
4886
4541
2221
4806
4068
8280
9124
7057
8585
4715
88
5716
8977
229
7892
2734
7815
2394
1294
480
5924
1359
5188
87
8446
8946
1743
7611
9707
8582
8004
3449
2133
2868
9498
8024
7023
6650
6476
4529
9001
7419
4796
4900
5715
2428
7613
6030
1838
6356
9046
396
9123
3999
5251
9046
2120
6202
9703
1684
4223
1417
6276
6324
9457
1412
3834
9074
5345
1001
5514
3716
8269
856
9120
3904
9403
3732
5611
5602
57
6163
7280
1810
6897
3442
7946
7787
1582
146
5728
1234
2271
3537
1891
3626
7055
3639
4922
4430
9029
9147
2460
1964
2776
5281
5603
9208
2917
4527
9664
9913
2865
8564
1133
7687
9068
8356
9407
4892
1341
6926
1594
2332
1404
6312
9880
374
4345
9006
9465
7971
2957
7473
8306
8911
2147
3626
9924
3689
2421
6891
6407
7105
102
1348
6477
6592
3356
139
9078
4140
7814
2369
4150
1056
5417
1844
6229
6376
3050
7114
6264
211
1930
7808
2785
9360
5591
4075
7247
937
3670
3327
139
7885
8099
1828
8571
8005
6028
6551
4054
2016
2067
9914
1647
231
3172
222
6038
2603
4128
9286
119
7795
394
9813
9141
8930
4791
8215
5239
6584
8682
487
8277
3212
5553
9533
6262
8862
4171
1309
4396
4857
9277
5848
1455
8096
9039
3158
1260
3651
5928
5979
4982
5302
5206
5303
9532
6424
3050
7620
3618
8638
7950
1680
5251
3034
300
5845
2672
5451
8484
4413
8
262
5705
1374
498
759
7811
8348
4251
2844
3779
164
342
2850
4209
4682
5220
3111
7643
6655
6420
1747
5288
5491
3743
4549
5781
1682
6146
1646
3781
9207
8501
295
8891
3510
4328
1024
3858
9001
3620
8921
1228
8643
1694
8284
1864
2818
2871
6180
8628
207
1414
119
4261
7780
257
4461
7271
5315
6988
5677
5241
2676
287
4112
4646
1916
8830
2785
5850
5921
1724
9213
9379
6624
1138
751
5395
7682
364
8615
5320
7076
4672
9859
9581
1396
2349
7744
5488
6015
7788
5335
9149
6995
9878
199
1598
3670
661
3316
1624
8245
9916
6969
7071
3498
5065
9011
2284
815
9518
1426
9408
2611
247
2853
9807
7701
5821
3951
34
5223
4870
8912
5576
1353
9127
3544
5586
3275
1040
6056
1505
6620
4155
2397
3586
1784
7035
8229
8871
4175
5483
4798
8463
9330
7064
2678
6276
8050
9461
5769
1335
4152
9628
170
3872
8833
2448
7260
9695
6422
5042
3450
8944
6884
6369
2208
7714
2882
583
2668
1952
8980
2500
3661
509
2278
2209
9914
6021
3525
3924
8103
5149
5563
1311
4934
6122
2426
7428
5218
1648
9502
2391
9356
727
5677
3380
8061
3289
8595
2174
933
4619
8066
1755
4767
3948
5387
9662
8825
4159
5486
9205
4921
4744
4945
1835
4158
3881
341
5696
2875
2065
7533
8798
3799
5703
6046
9608
7698
8842
270
3594
5645
1005
5063
7942
3696
2271
7815
6049
7493
3382
1455
605
2556
3151
7932
7107
8877
6760
4305
8760
2465
5108
7994
4512
1571
414
6310
5980
6339
5333
6027
9066
3085
821
8802
9005
6821
6436
6699
1492
6631
8356
3135
9845
2387
5455
7254
9629
8825
5703
1441
3676
2939
837
4046
2715
6488
3015
5050
1221
6405
3660
2049
763
4000
1002
4494
2119
4793
24
3036
674
1771
3322
5340
9338
7041
5195
8704
2237
937
4147
4676
2640
1780
9498
6606
7402
440
5522
6435
3277
148
9370
367
4404
934
4571
639
5322
3310
2115
356
5784
2912
5672
255
9212
9671
1054
5645
5198
4028
3833
6135
9406
2215
4188
635
1629
372
2114
8466
7683
7193
3529
5608
2259
8629
9810
7028
5070
6183
7804
1883
7381
6570
2179
4003
4417
3116
5126
7689
4848
2360
4480
607
7990
9675
8087
8248
4501
8405
6513
9820
1869
6351
403
4860
6190
6118
1731
7376
6141
5794
1057
1181
1557
6430
2357
4480
1627
7636
6320
609
6639
4990
1490
3436
1476
5608
9055
5559
715
2411
5490
2194
4922
9698
1253
9857
2046
7584
7382
6145
926
6394
8586
2808
6190
1307
7377
7519
4434
9297
3332
6160
4561
6826
2123
4882
8034
897
2823
6606
3200
9338
3972
9791
7
1587
9864
8298
6405
8102
1435
8065
6256
7668
3356
262
8039
6957
8535
2316
8728
5727
875
9108
4492
7842
324
7271
1104
4379
2261
734
4702
8058
2629
6141
3522
838
8408
9485
7643
3375
6497
7235
3359
2547
110
798
5510
9022
2188
7175
5597
4645
1223
112
3467
898
608
4669
6993
6531
5379
9613
1382
6287
509
6001
4075
7976
480
4360
5221
3788
3980
3268
1352
9433
5499
2077
6491
9185
1578
5872
4917
4502
7457
1594
5980
842
4576
1061
4765
3511
286
4689
5524
7791
421
2035
3613
6616
4142
2404
7177
4652
2324
8659
3983
1930
3973
3621
6540
8939
2294
1736
8004
4611
5842
8228
3970
791
2313
8845
444
2745
5697
4963
5875
3029
1787
117
7161
1514
2736
2003
776
4836
8594
8267
2939
5174
1315
4804
8768
6002
9498
3043
4989
6752
7672
3728
5228
6364
8588
4212
1377
1761
2479
4968
6336
5973
3245
5175
1619
259
4560
7891
5295
563
500
9538
7658
7768
9211
2677
4740
4987
2522
803
5752
3074
9639
3346
7003
1358
227
1774
8343
5579
7424
38
2028
8727
564
7717
5558
7797
5041
5216
4026
6613
3557
7021
9766
340
3572
7428
1454
6840
3471
4384
5491
8101
8554
4227
914
8060
6628
8131
9033
8889
3784
4159
3958
3025
7967
3865
1166
1061
2584
7323
1354
2339
9901
1009
8794
4293
8159
231
4363
2358
1493
4731
7971
8951
3030
944
5203
3667
333
7931
6770
1558
1354
2089
5062
6143
9493
5799
5725
5187
1581
9748
7007
3239
5009
8012
9083
9004
5666
8862
8956
517
340
9385
9819
4530
41
9567
9197
8277
4917
2917
5564
3329
7897
5825
2203
8267
4440
2297
3526
5704
3933
4166
2139
9174
5319
6001
4325
6674
6788
366
8055
6437
9285
312
2303
860
9793
4815
8020
2734
1927
5197
3054
1245
3608
2880
6920
1266
6461
6226
3100
4399
6591
164
4710
9507
8739
6400
7559
9093
7348
592
8608
8525
959
6385
7884
3888
4461
446
2274
8993
1880
5981
7153
6667
774
9547
950
4145
7380
33
9017
974
3467
3682
8010
1778
5267
8409
4562
8432
8326
8841
9017
6072
7701
4097
2386
2034
3290
664
1247
4710
2396
8304
6066
8772
515
663
3416
9212
1041
8966
8263
6628
4258
7319
8341
8856
3740
7968
7251
7187
6216
5352
1781
6161
371
5608
8203
3422
432
2158
19
1746
7415
6987
6141
4593
4947
8088
9589
87
4251
5980
7473
2658
6215
4581
1227
9188
5494
3644
4915
7978
2001
7404
7179
3153
4808
8871
9588
8309
9454
9298
173
6894
4891
8919
6985
8499
5417
7387
9800
501
1856
4921
606
6537
1902
7167
1704
6613
5164
4920
9916
967
1446
6010
5710
1295
2280
9754
7726
2412
7189
7164
7608
1855
7849
3229
3457
7526
9676
3842
5471
6850
9315
9794
9055
7062
2848
2595
3826
7447
2443
7570
8230
3503
509
1612
7065
9637
4714
9410
8199
4485
6272
6870
7658
5345
4482
9934
4385
6278
4812
1009
3652
8825
5752
4267
3224
7694
3829
8215
4533
9550
5758
2129
2721
737
2841
3542
7041
6801
3385
7545
4335
9122
8097
4982
7882
783
1938
5958
2512
4643
2161
41
5513
1801
1827
8754
3811
9528
7640
4599
3926
2767
5173
2983
5151
8163
7338
84
5742
9336
1991
7829
1018
1812
5175
4136
374
9553
188
731
2939
1611
822
5711
7340
5491
5092
5784
569
7080
8150
8398
1875
1875
